['Optuna', 'Best So Far', 0.6611253196930946, 0.6611253196930946, 0.6611253196930946, 0.6611253196930946, 0.6611253196930946, 0.6611253196930946, 0.6611253196930946, 0.6611253196930946, 0.6611253196930946, 0.6611253196930946, 0.6611253196930946, 0.6611253196930946, 0.6611253196930946, 0.6611253196930946, 0.6611253196930946]
['Optuna', 'Timestamps', 0.07610690500041528, 0.5406215450002492, 3.264056509000511, 3.4502837159998307, 5.542222463000144, 5.730839363000996, 5.901636905000487, 6.103025729000365, 6.5471622820004995, 6.669060449999961, 6.786037219000718, 6.881099632000769, 9.093642359001024, 9.212574934001168, 9.361637570000312]
['Optuna', 'Best So Far', 0.6611253196930946, 0.6611253196930946, 0.6611253196930946, 0.6611253196930946, 0.6611253196930946, 0.6611253196930946, 0.6611253196930946, 0.6611253196930946, 0.6611253196930946, 0.6611253196930946, 0.6611253196930946, 0.6611253196930946, 0.6611253196930946, 0.6611253196930946, 0.6611253196930946]
['Optuna', 'Timestamps', 0.07745837900074548, 0.5163870390006196, 3.0711065539999254, 3.23658478499965, 5.061941817000843, 5.24247032600033, 5.381371995999871, 5.569975782000256, 5.949699504999444, 6.057351596000444, 6.139758956000151, 6.220050091000303, 8.162850868000533, 8.306580525000754, 8.441237609000382]
['Optuna', 'Best So Far', 0.6611253196930946, 0.6611253196930946, 0.6611253196930946, 0.6611253196930946, 0.6611253196930946, 0.6611253196930946, 0.6611253196930946, 0.6611253196930946, 0.6611253196930946, 0.6611253196930946, 0.6611253196930946, 0.6611253196930946, 0.6611253196930946, 0.6611253196930946, 0.6611253196930946]
['Optuna', 'Timestamps', 0.09509938600058376, 0.7157456570002978, 3.521650963000866, 3.7719594200007123, 6.458776318000673, 6.827856863999841, 7.102481215999433, 7.529532660000768, 8.561696898999799, 8.686935158000779, 8.782409137000286, 8.874718597000538, 10.851367786000992, 10.97442078200038, 11.10329346800063]
['Optuna', 'Best So Far', 0.6611253196930946, 0.6611253196930946, 0.6611253196930946, 0.6611253196930946, 0.6611253196930946, 0.6611253196930946, 0.6611253196930946, 0.6611253196930946, 0.6611253196930946, 0.6611253196930946, 0.6611253196930946, 0.6611253196930946, 0.6611253196930946, 0.6611253196930946, 0.6611253196930946]
['Optuna', 'Timestamps', 0.07934725899940531, 0.520927039999151, 2.822616862000359, 2.987776471998586, 4.914561325998875, 5.0863426169999, 5.219663656000193, 5.4016631609993055, 5.779051453999273, 5.879457271999854, 5.966191876999801, 6.042925060999551, 7.897558781000043, 8.051891813000111, 8.180760473998816]
['Optuna', 'Best So Far', 0.6611253196930946, 0.6611253196930946, 0.6611253196930946, 0.6611253196930946, 0.6611253196930946, 0.6611253196930946, 0.6611253196930946, 0.6611253196930946, 0.6611253196930946, 0.6611253196930946, 0.6611253196930946, 0.6611253196930946, 0.6611253196930946, 0.6611253196930946, 0.6611253196930946]
['Optuna', 'Timestamps', 0.07557250900026702, 0.5058509659993433, 2.6903301029997237, 2.8517376439995132, 4.664335555000434, 4.837400557000365, 4.965762989999348, 5.131103154999437, 5.50156866999896, 5.60055358200043, 5.674934499000301, 5.7537123919992155, 7.599656659000175, 7.713630112999454, 7.8340218600005755]
['Optuna', 'Best So Far', 0.6611253196930946, 0.6611253196930946, 0.6611253196930946, 0.6611253196930946, 0.6611253196930946, 0.6611253196930946, 0.6611253196930946, 0.6611253196930946, 0.6611253196930946, 0.6611253196930946, 0.6611253196930946, 0.6611253196930946, 0.6611253196930946, 0.6611253196930946, 0.6611253196930946]
['Optuna', 'Timestamps', 0.07090132700068352, 0.5628192969998054, 2.790143074000298, 2.9561173860001873, 4.750006938000297, 4.922701719000543, 5.049131866000607, 5.220634525001515, 5.600391682000918, 5.700702899001044, 5.782047295000666, 5.856771315000515, 8.015430559000379, 8.218861971001388, 8.404641256000104]
['Optuna', 'Best So Far', 0.6611253196930946, 0.6611253196930946, 0.6611253196930946, 0.6611253196930946, 0.6611253196930946, 0.6611253196930946, 0.6611253196930946, 0.6611253196930946, 0.6611253196930946, 0.6611253196930946, 0.6611253196930946, 0.6611253196930946, 0.6611253196930946, 0.6611253196930946, 0.6611253196930946]
['Optuna', 'Timestamps', 0.08147027999984857, 0.5316456479995395, 2.63732021999931, 2.798467824000909, 4.524726677000217, 4.692014496000411, 4.82263190500089, 4.99076235100074, 5.3537757489993965, 5.455507840999417, 5.530333724000229, 5.602918874999887, 7.403743798000505, 7.518227687000035, 7.633828744999846]
['Optuna', 'Best So Far', 0.6611253196930946, 0.6611253196930946, 0.6611253196930946, 0.6611253196930946, 0.6611253196930946, 0.6611253196930946, 0.6611253196930946, 0.6611253196930946, 0.6611253196930946, 0.6611253196930946, 0.6611253196930946, 0.6611253196930946, 0.6611253196930946, 0.6611253196930946, 0.6611253196930946]
['Optuna', 'Timestamps', 0.0757073719996697, 0.562978423999084, 3.025634326999352, 3.221242796000297, 5.3985478529994, 5.5771237119988655, 5.729486254998847, 5.933598417999747, 6.316612702999919, 6.416448861999015, 6.496848983999371, 6.580471608000153, 8.475212448000093, 8.5884728789988, 8.708154705000197]
['Optuna', 'Best So Far', 0.6611253196930946, 0.6611253196930946, 0.6611253196930946, 0.6611253196930946, 0.6611253196930946, 0.6611253196930946, 0.6611253196930946, 0.6611253196930946, 0.6611253196930946, 0.6611253196930946, 0.6611253196930946, 0.6611253196930946, 0.6611253196930946, 0.6611253196930946, 0.6611253196930946]
['Optuna', 'Timestamps', 0.0770443069995963, 0.516465655000502, 2.6850516039994545, 2.845587644000261, 4.620963948000281, 4.799853587999678, 4.927859166000417, 5.108995491000314, 5.482514486999207, 5.587773784998717, 5.667248382000253, 5.743584608999299, 7.712573662000068, 7.838623151999855, 7.96020723699985]
['Optuna', 'Best So Far', 0.6611253196930946, 0.6611253196930946, 0.6611253196930946, 0.6611253196930946, 0.6611253196930946, 0.6611253196930946, 0.6611253196930946, 0.6611253196930946, 0.6611253196930946, 0.6611253196930946, 0.6611253196930946, 0.6611253196930946, 0.6611253196930946, 0.6611253196930946, 0.6611253196930946]
['Optuna', 'Timestamps', 0.07726531499974953, 0.5306935379994684, 2.6826859829998284, 2.8512917009993544, 4.68066573500073, 4.8573793140003545, 4.982806194999284, 5.154007201999775, 5.536199619999024, 5.642710493000777, 5.73636221400011, 5.815811041000416, 7.608480359000168, 7.7211139499995625, 7.858207249999396]
['Optuna', 'Best So Far', 0.6611253196930946, 0.6611253196930946, 0.6611253196930946, 0.6611253196930946, 0.6611253196930946, 0.6611253196930946, 0.6611253196930946, 0.6611253196930946, 0.6611253196930946, 0.6611253196930946, 0.6611253196930946, 0.6611253196930946, 0.6611253196930946, 0.6611253196930946, 0.6611253196930946]
['Optuna', 'Timestamps', 0.07457428300040192, 0.5272935560005862, 2.695606659000987, 2.8619700350009225, 4.645999022999604, 4.815235845000643, 4.9478498389999, 5.121165295000537, 5.494796799999676, 5.602549627999906, 5.6807520349993865, 5.755329850000635, 7.549010807999366, 7.682885587000783, 7.8064085580008395]
['Optuna', 'Best So Far', 0.6611253196930946, 0.6611253196930946, 0.6611253196930946, 0.6611253196930946, 0.6611253196930946, 0.6611253196930946, 0.6611253196930946, 0.6611253196930946, 0.6611253196930946, 0.6611253196930946, 0.6611253196930946, 0.6611253196930946, 0.6611253196930946, 0.6611253196930946, 0.6611253196930946]
['Optuna', 'Timestamps', 0.07618846199875406, 0.5061638999995921, 2.740206209999087, 2.9070911949984293, 4.750464221999209, 4.932445085998552, 5.067053545999443, 5.249571855998511, 5.643628281999554, 5.747728255999391, 5.822201019998829, 5.935572717999094, 7.811305843999435, 7.935496792999402, 8.058992986998419]
['Optuna', 'Best So Far', 0.6611253196930946, 0.6611253196930946, 0.6611253196930946, 0.6611253196930946, 0.6611253196930946, 0.6611253196930946, 0.6611253196930946, 0.6611253196930946, 0.6611253196930946, 0.6611253196930946, 0.6611253196930946, 0.6611253196930946, 0.6611253196930946, 0.6611253196930946, 0.6611253196930946]
['Optuna', 'Timestamps', 0.07625639100115222, 0.5233831030000147, 2.7163649089998216, 2.8922331989997474, 4.66931913299959, 4.837476712000353, 4.975715317001232, 5.152420312000686, 5.533317405001071, 5.633302717000333, 5.71006285600015, 5.786854371999652, 7.738969789999828, 7.86465285200029, 8.002564616999734]
['Optuna', 'Best So Far', 0.6611253196930946, 0.6611253196930946, 0.6611253196930946, 0.6611253196930946, 0.6611253196930946, 0.6611253196930946, 0.6611253196930946, 0.6611253196930946, 0.6611253196930946, 0.6611253196930946, 0.6611253196930946, 0.6611253196930946, 0.6611253196930946, 0.6611253196930946, 0.6611253196930946]
['Optuna', 'Timestamps', 0.07703093999953126, 0.5393282869990799, 2.6293396019991633, 2.7920104969998647, 4.530258662998676, 4.697535262999736, 4.8354717069996695, 5.007016016999842, 5.370323725999697, 5.469554823999715, 5.544899665999765, 5.622254533998785, 7.369921178000368, 7.478181051999854, 7.598925750999115]
['Optuna', 'Best So Far', 0.6611253196930946, 0.6611253196930946, 0.6611253196930946, 0.6611253196930946, 0.6611253196930946, 0.6611253196930946, 0.6611253196930946, 0.6611253196930946, 0.6611253196930946, 0.6611253196930946, 0.6611253196930946, 0.6611253196930946, 0.6611253196930946, 0.6611253196930946, 0.6611253196930946]
['Optuna', 'Timestamps', 0.06912972300051479, 0.4989805620007246, 2.6084753110008023, 2.771934036001767, 4.563333555001009, 4.731445716000962, 4.864326602000801, 5.035321141000168, 5.386425101001805, 5.486926842000685, 5.561687582001468, 5.635916424000243, 7.4337957610005105, 7.5459857570003805, 7.663623751001069]
['Optuna', 'Best So Far', 0.6611253196930946, 0.6611253196930946, 0.6611253196930946, 0.6611253196930946, 0.6611253196930946, 0.6611253196930946, 0.6611253196930946, 0.6611253196930946, 0.6611253196930946, 0.6611253196930946, 0.6611253196930946, 0.6611253196930946, 0.6611253196930946, 0.6611253196930946, 0.6611253196930946]
['Optuna', 'Timestamps', 0.07185435099927417, 0.5120661370001471, 2.6550601119997737, 2.811586986999828, 4.567157404000682, 4.740263846000744, 4.867696242999955, 5.034632992999832, 5.41266788699977, 5.511508822999531, 5.586061268000776, 5.659658560000025, 7.418962084999293, 7.534193129000414, 7.650971308999942]
['Optuna', 'Best So Far', 0.6611253196930946, 0.6611253196930946, 0.6611253196930946, 0.6611253196930946, 0.6611253196930946, 0.6611253196930946, 0.6611253196930946, 0.6611253196930946, 0.6611253196930946, 0.6611253196930946, 0.6611253196930946, 0.6611253196930946, 0.6611253196930946, 0.6611253196930946, 0.6611253196930946]
['Optuna', 'Timestamps', 0.07208443400122633, 0.4859666970005492, 2.5572195900003862, 2.716354346001026, 4.4752316730009625, 4.642518854001537, 4.775460364000537, 4.940395257001001, 5.315976727000816, 5.414275980001548, 5.4885241000010865, 5.56109759300125, 7.31628079300026, 7.430916717999935, 7.555894477000038]
['Optuna', 'Best So Far', 0.6611253196930946, 0.6611253196930946, 0.6611253196930946, 0.6611253196930946, 0.6611253196930946, 0.6611253196930946, 0.6611253196930946, 0.6611253196930946, 0.6611253196930946, 0.6611253196930946, 0.6611253196930946, 0.6611253196930946, 0.6611253196930946, 0.6611253196930946, 0.6611253196930946]
['Optuna', 'Timestamps', 0.07041525800013915, 0.4903704710013699, 2.5956716440014134, 2.752541394000218, 4.469491216001188, 4.6369428779999, 4.764331352000227, 4.9420693760002905, 5.293108093999763, 5.387518131001343, 5.459520110000085, 5.536647670000093, 7.248220246001438, 7.368163863000518, 7.487274916000388]
['Optuna', 'Best So Far', 0.6611253196930946, 0.6611253196930946, 0.6611253196930946, 0.6611253196930946, 0.6611253196930946, 0.6611253196930946, 0.6611253196930946, 0.6611253196930946, 0.6611253196930946, 0.6611253196930946, 0.6611253196930946, 0.6611253196930946, 0.6611253196930946, 0.6611253196930946, 0.6611253196930946]
['Optuna', 'Timestamps', 0.06915184399986174, 0.4947525549996499, 2.563395187999049, 2.721533662999718, 4.471932806998666, 4.63639762099956, 4.762581761999172, 4.936519799999587, 5.297131526998783, 5.3951331109983585, 5.467827073998706, 5.557089122999969, 7.358757950998552, 7.4727400169995235, 7.589100000999679]
['Optuna', 'Best So Far', 0.6611253196930946, 0.6611253196930946, 0.6611253196930946, 0.6611253196930946, 0.6611253196930946, 0.6611253196930946, 0.6611253196930946, 0.6611253196930946, 0.6611253196930946, 0.6611253196930946, 0.6611253196930946, 0.6611253196930946, 0.6611253196930946, 0.6611253196930946, 0.6611253196930946]
['Optuna', 'Timestamps', 0.06808015299975523, 0.4891674009995768, 2.5540009859996644, 2.7085233429988875, 4.425944877999427, 4.591114830000151, 4.7206095149995235, 4.884121998999035, 5.231895613998859, 5.3281656069993915, 5.400573451999662, 5.4731322989991895, 7.184020282000347, 7.299914721999812, 7.417378916999951]
