['Optuna', 'Best So Far', 0.6932118718777549, 0.6932118718777549, 0.6932118718777549, 0.6932118718777549, 0.6932118718777549, 0.6932118718777549, 0.6932118718777549, 0.6932118718777549, 0.6932118718777549, 0.6932118718777549, 0.6932118718777549, 0.6932118718777549, 0.6932118718777549, 0.6932118718777549, 0.6932118718777549]
['Optuna', 'Timestamps', 0.0726020169986441, 0.500947737999013, 2.579373066999324, 2.738419093999255, 4.484849435999422, 4.648970872998689, 4.7748737479996635, 4.955988402000003, 5.331924582000283, 5.435619320000114, 5.5058905289988616, 5.580627285999071, 7.345591704999606, 7.455567847999191, 7.573936969998613]
['Optuna', 'Best So Far', 0.6932118718777549, 0.6932118718777549, 0.6932118718777549, 0.6932118718777549, 0.6932118718777549, 0.6932118718777549, 0.6932118718777549, 0.6932118718777549, 0.6932118718777549, 0.6932118718777549, 0.6932118718777549, 0.6932118718777549, 0.6932118718777549, 0.6932118718777549, 0.6932118718777549]
['Optuna', 'Timestamps', 0.0689133630003198, 0.47362175099988235, 2.5399756520000665, 2.696057908000512, 4.405527275001077, 4.580459193000934, 4.716749138000523, 4.892280452000705, 5.262500848000855, 5.367539655000655, 5.444402996999997, 5.549154964999616, 7.287827829000889, 7.399107826000545, 7.511705025999618]
['Optuna', 'Best So Far', 0.6932118718777549, 0.6932118718777549, 0.6932118718777549, 0.6932118718777549, 0.6932118718777549, 0.6932118718777549, 0.6932118718777549, 0.6932118718777549, 0.6932118718777549, 0.6932118718777549, 0.6932118718777549, 0.6932118718777549, 0.6932118718777549, 0.6932118718777549, 0.6932118718777549]
['Optuna', 'Timestamps', 0.06976242400014598, 0.49255750900010753, 2.727426342999024, 2.885951214999295, 4.675013747999401, 4.839749467999354, 4.961793153999679, 5.129097843999261, 5.501240388999577, 5.608135604999916, 5.683162303999779, 5.76282484299918, 7.546088457000224, 7.66119253800025, 7.773171918999651]
['Optuna', 'Best So Far', 0.6932118718777549, 0.6932118718777549, 0.6932118718777549, 0.6932118718777549, 0.6932118718777549, 0.6932118718777549, 0.6932118718777549, 0.6932118718777549, 0.6932118718777549, 0.6932118718777549, 0.6932118718777549, 0.6932118718777549, 0.6932118718777549, 0.6932118718777549, 0.6932118718777549]
['Optuna', 'Timestamps', 0.07927214600022126, 0.503630871000496, 2.6311877610005467, 2.7865195230006066, 4.613902978000624, 4.7868321370006015, 4.911374499000885, 5.128353865000463, 5.4901080100007675, 5.5937498960011, 5.6741031060009846, 5.75415883900132, 7.592947711000306, 7.70376096200016, 7.81545508400086]
['Optuna', 'Best So Far', 0.6932118718777549, 0.6932118718777549, 0.6932118718777549, 0.6932118718777549, 0.6932118718777549, 0.6932118718777549, 0.6932118718777549, 0.6932118718777549, 0.6932118718777549, 0.6932118718777549, 0.6932118718777549, 0.6932118718777549, 0.6932118718777549, 0.6932118718777549, 0.6932118718777549]
['Optuna', 'Timestamps', 0.07084110700088786, 0.5087754300002416, 2.573512471999493, 2.7229448620000767, 4.481856116999552, 4.664107452999815, 4.801465627000653, 4.978625447000013, 5.3347853739996935, 5.434622721000778, 5.506773508001061, 5.593834782001068, 7.63956892799979, 7.782772532000308, 7.9174434910000855]
['Optuna', 'Best So Far', 0.6932118718777549, 0.6932118718777549, 0.6932118718777549, 0.6932118718777549, 0.6932118718777549, 0.6932118718777549, 0.6932118718777549, 0.6932118718777549, 0.6932118718777549, 0.6932118718777549, 0.6932118718777549, 0.6932118718777549, 0.6932118718777549, 0.6932118718777549, 0.6932118718777549]
['Optuna', 'Timestamps', 0.08185915799913346, 0.528814710000006, 2.9654889880002884, 3.135011509000833, 4.885208961999524, 5.047554164000758, 5.170997356999578, 5.332068742000047, 5.682697498999914, 5.783758743000362, 5.857791174999875, 5.935208966999198, 7.695621082000798, 7.810493709999719, 7.925253977000466]
['Optuna', 'Best So Far', 0.6932118718777549, 0.6932118718777549, 0.6932118718777549, 0.6932118718777549, 0.6932118718777549, 0.6932118718777549, 0.6932118718777549, 0.6932118718777549, 0.6932118718777549, 0.6932118718777549, 0.6932118718777549, 0.6932118718777549, 0.6932118718777549, 0.6932118718777549, 0.6932118718777549]
['Optuna', 'Timestamps', 0.07703697200122406, 0.4952569320012117, 2.611071401001027, 2.7704463570007647, 5.032501618999959, 5.293769759000497, 5.46338833200025, 5.658385063999958, 6.049792216001151, 6.165764159000901, 6.248297529000411, 6.32443102400066, 8.097576377000223, 8.204905804999726, 8.315712800000256]
['Optuna', 'Best So Far', 0.6932118718777549, 0.6932118718777549, 0.6932118718777549, 0.6932118718777549, 0.6932118718777549, 0.6932118718777549, 0.6932118718777549, 0.6932118718777549, 0.6932118718777549, 0.6932118718777549, 0.6932118718777549, 0.6932118718777549, 0.6932118718777549, 0.6932118718777549, 0.6932118718777549]
['Optuna', 'Timestamps', 0.07145794200005184, 0.5242486059996736, 2.725003079000089, 2.888292162999278, 4.615647086999161, 4.77582155699929, 4.905178627999703, 5.087085089999164, 5.439485998000237, 5.543647996999425, 5.620898785000463, 5.696884524999405, 7.841933956000503, 7.988715747998867, 8.142084703000364]
['Optuna', 'Best So Far', 0.6932118718777549, 0.6932118718777549, 0.6932118718777549, 0.6932118718777549, 0.6932118718777549, 0.6932118718777549, 0.6932118718777549, 0.6932118718777549, 0.6932118718777549, 0.6932118718777549, 0.6932118718777549, 0.6932118718777549, 0.6932118718777549, 0.6932118718777549, 0.6932118718777549]
['Optuna', 'Timestamps', 0.1025850679998257, 0.6606134630001179, 3.392535606999445, 3.585106041999097, 6.070803118000185, 6.260650485999577, 6.3960440949995245, 6.587220891999095, 6.969275818999449, 7.084024633999434, 7.172948733999874, 7.266953083000772, 9.715309684999738, 9.853711337000277, 9.99163639300059]
['Optuna', 'Best So Far', 0.6932118718777549, 0.6932118718777549, 0.6932118718777549, 0.6932118718777549, 0.6932118718777549, 0.6932118718777549, 0.6932118718777549, 0.6932118718777549, 0.6932118718777549, 0.6932118718777549, 0.6932118718777549, 0.6932118718777549, 0.6932118718777549, 0.6932118718777549, 0.6932118718777549]
['Optuna', 'Timestamps', 0.08809941300023638, 0.7483173879991227, 2.9009812779986532, 3.0651851359998545, 4.761250806999669, 4.929622956999083, 5.0595963269988715, 5.224694002999968, 5.593732325998644, 5.700435087999722, 5.780994105998616, 5.857441875999939, 7.685050963998947, 7.799268209999354, 7.910848957999406]
['Optuna', 'Best So Far', 0.6932118718777549, 0.6932118718777549, 0.6932118718777549, 0.6932118718777549, 0.6932118718777549, 0.6932118718777549, 0.6932118718777549, 0.6932118718777549, 0.6932118718777549, 0.6932118718777549, 0.6932118718777549, 0.6932118718777549, 0.6932118718777549, 0.6932118718777549, 0.6932118718777549]
['Optuna', 'Timestamps', 0.07058247900022252, 0.4784588830007124, 2.6123257870003727, 2.778594218001672, 4.604070499000954, 4.7774084440006845, 4.907402234000983, 5.0792741300010675, 5.4380020950011385, 5.542828774001464, 5.620059554001273, 5.697469198999897, 7.535836806000589, 7.657371422001233, 7.777890347000721]
['Optuna', 'Best So Far', 0.6932118718777549, 0.6932118718777549, 0.6932118718777549, 0.6932118718777549, 0.6932118718777549, 0.6932118718777549, 0.6932118718777549, 0.6932118718777549, 0.6932118718777549, 0.6932118718777549, 0.6932118718777549, 0.6932118718777549, 0.6932118718777549, 0.6932118718777549, 0.6932118718777549]
['Optuna', 'Timestamps', 0.07764699700055644, 0.5246661520013731, 2.707726337999702, 2.8983922220013483, 4.705380909001178, 4.888390668000284, 5.0276969830010785, 5.196935576001124, 5.58516616199995, 5.692531356000472, 5.7752257240008475, 5.859699083001033, 7.7386523189998115, 7.85704093700042, 7.974270587001229]
['Optuna', 'Best So Far', 0.6932118718777549, 0.6932118718777549, 0.6932118718777549, 0.6932118718777549, 0.6932118718777549, 0.6932118718777549, 0.6932118718777549, 0.6932118718777549, 0.6932118718777549, 0.6932118718777549, 0.6932118718777549, 0.6932118718777549, 0.6932118718777549, 0.6932118718777549, 0.6932118718777549]
['Optuna', 'Timestamps', 0.08137285500015423, 0.5574831609992543, 2.7660391869994783, 2.9298080209991895, 4.762070344999302, 4.939458292999916, 5.070227170999715, 5.2435702469992975, 5.613910490999842, 5.724566449998747, 5.807537519000107, 5.886085829999502, 7.799084371999925, 7.9255197450002015, 8.050283402999412]
['Optuna', 'Best So Far', 0.6932118718777549, 0.6932118718777549, 0.6932118718777549, 0.6932118718777549, 0.6932118718777549, 0.6932118718777549, 0.6932118718777549, 0.6932118718777549, 0.6932118718777549, 0.6932118718777549, 0.6932118718777549, 0.6932118718777549, 0.6932118718777549, 0.6932118718777549, 0.6932118718777549]
['Optuna', 'Timestamps', 0.07634874999894237, 0.5310152029996971, 2.764334305999, 2.937101278999762, 4.818988064998848, 4.9937678599999344, 5.12776623299942, 5.2990077909998945, 5.68519803199888, 5.794626477998463, 5.8811407609991875, 5.957510755999465, 7.857167308999124, 7.9773097569996025, 8.108246057998258]
['Optuna', 'Best So Far', 0.6932118718777549, 0.6932118718777549, 0.6932118718777549, 0.6932118718777549, 0.6932118718777549, 0.6932118718777549, 0.6932118718777549, 0.6932118718777549, 0.6932118718777549, 0.6932118718777549, 0.6932118718777549, 0.6932118718777549, 0.6932118718777549, 0.6932118718777549, 0.6932118718777549]
['Optuna', 'Timestamps', 0.07427032599844097, 0.505539231999137, 2.693201472999135, 2.861238499999672, 4.679465234999952, 4.8569161420000455, 4.992384448998564, 5.174878802999956, 5.54472841200004, 5.653051168999809, 5.733677516000171, 5.809957793999274, 7.670996371000001, 7.787764905999211, 7.909867674999987]
['Optuna', 'Best So Far', 0.6932118718777549, 0.6932118718777549, 0.6932118718777549, 0.6932118718777549, 0.6932118718777549, 0.6932118718777549, 0.6932118718777549, 0.6932118718777549, 0.6932118718777549, 0.6932118718777549, 0.6932118718777549, 0.6932118718777549, 0.6932118718777549, 0.6932118718777549, 0.6932118718777549]
['Optuna', 'Timestamps', 0.08092889100043976, 0.5485451839995221, 2.762851182000304, 2.929763856000136, 4.773111967999284, 4.943320158999995, 5.080828283000301, 5.243772851999893, 5.610423289999744, 5.714149212000848, 5.79191514500053, 5.873803585000132, 7.821372624001015, 7.937085556999591, 8.058871262001048]
['Optuna', 'Best So Far', 0.6932118718777549, 0.6932118718777549, 0.6932118718777549, 0.6932118718777549, 0.6932118718777549, 0.6932118718777549, 0.6932118718777549, 0.6932118718777549, 0.6932118718777549, 0.6932118718777549, 0.6932118718777549, 0.6932118718777549, 0.6932118718777549, 0.6932118718777549, 0.6932118718777549]
['Optuna', 'Timestamps', 0.0750033779986552, 0.5335947629992006, 2.803725398000097, 2.974026875999698, 4.885516808999455, 5.085374835000039, 5.264868897998895, 5.4503849590000755, 5.826538895998965, 5.936459744998501, 6.022973809000177, 6.108466693998707, 8.015377761999844, 8.13998845399874, 8.270084706999114]
['Optuna', 'Best So Far', 0.6932118718777549, 0.6932118718777549, 0.6932118718777549, 0.6932118718777549, 0.6932118718777549, 0.6932118718777549, 0.6932118718777549, 0.6932118718777549, 0.6932118718777549, 0.6932118718777549, 0.6932118718777549, 0.6932118718777549, 0.6932118718777549, 0.6932118718777549, 0.6932118718777549]
['Optuna', 'Timestamps', 0.08141875699948287, 0.5546779639989836, 2.7638290260001668, 2.9265594219996274, 4.850997219999044, 5.015041050999571, 5.149323193998498, 5.325547772999926, 5.6964905690001615, 5.8049818119998235, 5.880042745999162, 5.960218275999068, 7.854642667000007, 7.969599255999128, 8.086687457998778]
['Optuna', 'Best So Far', 0.6932118718777549, 0.6932118718777549, 0.6932118718777549, 0.6932118718777549, 0.6932118718777549, 0.6932118718777549, 0.6932118718777549, 0.6932118718777549, 0.6932118718777549, 0.6932118718777549, 0.6932118718777549, 0.6932118718777549, 0.6932118718777549, 0.6932118718777549, 0.6932118718777549]
['Optuna', 'Timestamps', 0.08883801500087429, 0.5427259589996538, 2.7895854260004853, 2.9688268469999457, 4.923721115999797, 5.20131436200063, 5.379504317001192, 5.588603678999789, 5.9935862260008435, 6.10589012499986, 6.190091268999822, 6.28224425100052, 8.780151647000821, 8.94497745999979, 9.128412067000681]
['Optuna', 'Best So Far', 0.6932118718777549, 0.6932118718777549, 0.6932118718777549, 0.6932118718777549, 0.6932118718777549, 0.6932118718777549, 0.6932118718777549, 0.6932118718777549, 0.6932118718777549, 0.6932118718777549, 0.6932118718777549, 0.6932118718777549, 0.6932118718777549, 0.6932118718777549, 0.6932118718777549]
['Optuna', 'Timestamps', 0.07180282300032559, 0.6395116000003327, 3.1776312660003896, 3.3575520209997194, 5.2199459620005655, 5.414970072999495, 5.570506218000446, 5.783145020999655, 6.200378855000963, 6.312975658000141, 6.393769660000544, 6.47122336800021, 8.343438087000322, 8.461040059999505, 8.579702764000103]
