['Optuna', 'Best So Far', 0.5718279569892473, 0.6322989656322989, 0.6322989656322989, 0.6322989656322989, 0.6322989656322989, 0.6322989656322989, 0.6322989656322989, 0.6322989656322989, 0.6322989656322989, 0.6322989656322989, 0.6495519044062733, 0.6495519044062733, 0.6495519044062733, 0.6495519044062733, 0.6495519044062733]
['Optuna', 'Timestamps', 0.08428954600094585, 0.5308149430002231, 2.6727047590011352, 2.841739702000268, 4.604035987000316, 4.778535572000692, 4.907629172999805, 5.074010624000948, 5.42162457700033, 5.536435097999856, 5.931982269999935, 6.321130838001409, 6.722394811000413, 7.119989726999847, 7.245860119001009]
['Optuna', 'Best So Far', 0.5718279569892473, 0.6395329441201001, 0.6395329441201001, 0.6395329441201001, 0.6395329441201001, 0.6395329441201001, 0.6395329441201001, 0.6395329441201001, 0.6395329441201001, 0.6395329441201001, 0.6495519044062733, 0.6495519044062733, 0.6495519044062733, 0.6495519044062733, 0.6495519044062733]
['Optuna', 'Timestamps', 0.08568756899876462, 0.5416382219991647, 2.6980758009995043, 2.8572323259995756, 4.6477559879986075, 4.817288436999661, 4.947949460000018, 5.119269633998556, 5.485505378999733, 5.6049350889989, 5.998450373999731, 6.401146289999815, 6.822659606999878, 7.230134325998733, 7.362954287000321]
['Optuna', 'Best So Far', 0.5718279569892473, 0.6395329441201001, 0.6395329441201001, 0.6395329441201001, 0.6395329441201001, 0.6395329441201001, 0.6395329441201001, 0.6395329441201001, 0.6395329441201001, 0.6395329441201001, 0.6495519044062733, 0.6495519044062733, 0.6495519044062733, 0.6495519044062733, 0.6495519044062733]
['Optuna', 'Timestamps', 0.0824409619999642, 0.5457927250008652, 2.7646962480012007, 2.930527632999656, 4.757147260999773, 4.935381407000023, 5.071998638000878, 5.241994838001119, 5.603586741999607, 5.721575999999914, 6.135978574000546, 6.54142215399952, 6.947126869001295, 7.343099577999965, 7.473277846000201]
['Optuna', 'Best So Far', 0.5718279569892473, 0.6057066577673953, 0.6057066577673953, 0.6212737127371274, 0.6212737127371274, 0.6212737127371274, 0.6238482384823848, 0.6299008390541572, 0.6299008390541572, 0.6299008390541572, 0.6299008390541572, 0.6299008390541572, 0.6299008390541572, 0.6299008390541572, 0.6299008390541572]
['Optuna', 'Timestamps', 0.07532740199894761, 0.48669872199934616, 2.582854693999252, 2.7457363349985826, 4.4901420139995025, 4.65960292499949, 4.780014041998584, 4.950229644999126, 5.29777428899979, 5.408955383998546, 5.540878679999878, 5.677915947999281, 7.484974601999056, 7.645545308998408, 7.736855105998984]
['Optuna', 'Best So Far', 0.5718279569892473, 0.6395329441201001, 0.6395329441201001, 0.6395329441201001, 0.6395329441201001, 0.6395329441201001, 0.6395329441201001, 0.6395329441201001, 0.6395329441201001, 0.6395329441201001, 0.6495519044062733, 0.6495519044062733, 0.6495519044062733, 0.6495519044062733, 0.6495519044062733]
['Optuna', 'Timestamps', 0.07918405499913206, 0.5065824430002976, 2.667227592999552, 2.845116746999338, 4.576593257999775, 4.747978082999907, 4.868523781999102, 5.031827634000365, 5.373695213000246, 5.484122673000456, 5.8691008999994665, 6.2543222200001765, 6.633831282999381, 7.029025301000729, 7.161218674000338]
['Optuna', 'Best So Far', 0.5718279569892473, 0.6395329441201001, 0.6395329441201001, 0.6395329441201001, 0.6395329441201001, 0.6395329441201001, 0.6395329441201001, 0.6395329441201001, 0.6395329441201001, 0.6395329441201001, 0.6495519044062733, 0.6495519044062733, 0.6495519044062733, 0.6495519044062733, 0.6495519044062733]
['Optuna', 'Timestamps', 0.07515590200091538, 0.5003813270013779, 2.6633534290012904, 2.8312306050011102, 4.631433864000428, 4.79856242400092, 4.926021088000198, 5.094636386000275, 5.454387524001504, 5.570449816001201, 5.972751088000223, 6.351957186001528, 6.7437511370008, 7.151736456000435, 7.2813494370002445]
['Optuna', 'Best So Far', 0.5718279569892473, 0.6057066577673953, 0.6057066577673953, 0.6212737127371274, 0.6212737127371274, 0.6212737127371274, 0.6238482384823848, 0.6299008390541572, 0.6299008390541572, 0.6299008390541572, 0.6299008390541572, 0.6299008390541572, 0.6299008390541572, 0.6299008390541572, 0.6299008390541572]
['Optuna', 'Timestamps', 0.08185435099949245, 0.5034628519988473, 2.6308845820003626, 2.788848238000355, 4.623923896999258, 4.791299000999061, 4.924297644000035, 5.094661159999305, 5.452166670998849, 5.5678368890003185, 5.707810724999945, 5.841125136999835, 7.648865634999311, 7.801157179999791, 7.892791807000322]
['Optuna', 'Best So Far', 0.5718279569892473, 0.6322989656322989, 0.6322989656322989, 0.6322989656322989, 0.6322989656322989, 0.6322989656322989, 0.6322989656322989, 0.6322989656322989, 0.6322989656322989, 0.6322989656322989, 0.6495519044062733, 0.6495519044062733, 0.6495519044062733, 0.6495519044062733, 0.6495519044062733]
['Optuna', 'Timestamps', 0.08380183900044358, 0.5172232209988579, 2.6786561150001944, 2.8404556999994384, 4.675205821000418, 4.8460197299991705, 4.974695273000179, 5.156197664999127, 5.595955759999924, 5.713985598000363, 6.097596808000162, 6.495730806998836, 6.898928426999191, 7.2911058089994185, 7.4200988079992385]
['Optuna', 'Best So Far', 0.5718279569892473, 0.6395329441201001, 0.6395329441201001, 0.6395329441201001, 0.6395329441201001, 0.6395329441201001, 0.6395329441201001, 0.6395329441201001, 0.6395329441201001, 0.6395329441201001, 0.6495519044062733, 0.6495519044062733, 0.6495519044062733, 0.6495519044062733, 0.6495519044062733]
['Optuna', 'Timestamps', 0.0837426329999289, 0.5322083579994796, 2.663924874001168, 2.8249312680000003, 4.669435425001211, 4.846665066999776, 4.98354276200007, 5.157335891999537, 5.535752728999796, 5.651214285000606, 6.043076613001176, 6.437206111000705, 6.8687444730003335, 7.274971426000775, 7.397352062000209]
['Optuna', 'Best So Far', 0.5718279569892473, 0.6395329441201001, 0.6395329441201001, 0.6395329441201001, 0.6395329441201001, 0.6395329441201001, 0.6395329441201001, 0.6395329441201001, 0.6395329441201001, 0.6395329441201001, 0.6495519044062733, 0.6495519044062733, 0.6495519044062733, 0.6495519044062733, 0.652280701754386]
['Optuna', 'Timestamps', 0.08256167099898448, 0.5184259639991069, 2.6920463259993994, 2.850390001998676, 4.591384930999993, 4.754556866999337, 4.879919525999867, 5.045988603000296, 5.399854086999767, 5.512894870000309, 5.899862727999789, 6.293181047998587, 6.67711203899853, 7.072726192000118, 7.198953455999799]
['Optuna', 'Best So Far', 0.5718279569892473, 0.6395329441201001, 0.6395329441201001, 0.6395329441201001, 0.6395329441201001, 0.6395329441201001, 0.6395329441201001, 0.6395329441201001, 0.6395329441201001, 0.6395329441201001, 0.6495519044062733, 0.6495519044062733, 0.6495519044062733, 0.6495519044062733, 0.6495519044062733]
['Optuna', 'Timestamps', 0.08392044199899829, 0.5050065929990524, 2.610939418998896, 2.7707220439988305, 4.506839724999736, 4.6725015379997785, 4.79971440099871, 4.960969767998904, 5.307861905999744, 5.422499517999313, 5.802225391998945, 6.1920787089984515, 6.577900125999804, 6.965512936998493, 7.09166969099897]
['Optuna', 'Best So Far', 0.5718279569892473, 0.6395329441201001, 0.6395329441201001, 0.6395329441201001, 0.6395329441201001, 0.6395329441201001, 0.6395329441201001, 0.6395329441201001, 0.6395329441201001, 0.6395329441201001, 0.6495519044062733, 0.6495519044062733, 0.6495519044062733, 0.6495519044062733, 0.652280701754386]
['Optuna', 'Timestamps', 0.08554351899874746, 0.5389578079993953, 2.670642972998394, 2.837602807998337, 4.627655836999111, 4.796945911999501, 4.923617057998854, 5.117434514999331, 5.489526710998689, 5.60457500099983, 5.993328130000009, 6.390309691998482, 6.782120260999363, 7.205937885999447, 7.33949413299888]
['Optuna', 'Best So Far', 0.5718279569892473, 0.6395329441201001, 0.6395329441201001, 0.6395329441201001, 0.6395329441201001, 0.6395329441201001, 0.6395329441201001, 0.6395329441201001, 0.6395329441201001, 0.6395329441201001, 0.6495519044062733, 0.6495519044062733, 0.6495519044062733, 0.6495519044062733, 0.6495519044062733]
['Optuna', 'Timestamps', 0.08194903100047668, 0.500436741998783, 2.626804166000511, 2.792022621999422, 4.601324207998914, 4.762792796998838, 4.892115110000304, 5.061750315999234, 5.438550820999808, 5.562047089999396, 5.988799527000083, 6.404035190998911, 6.8456763769991085, 7.265763813999001, 7.3971092859992496]
['Optuna', 'Best So Far', 0.5718279569892473, 0.6395329441201001, 0.6395329441201001, 0.6395329441201001, 0.6395329441201001, 0.6395329441201001, 0.6395329441201001, 0.6395329441201001, 0.6395329441201001, 0.6395329441201001, 0.6495519044062733, 0.6495519044062733, 0.6495519044062733, 0.6495519044062733, 0.6495519044062733]
['Optuna', 'Timestamps', 0.08281187499960652, 0.5132709030003753, 2.6714958639986435, 2.8289701939993392, 4.623800014998778, 4.794642603999819, 4.920658798999284, 5.089958044000014, 5.444556561998979, 5.557837188998747, 5.945175019998715, 6.346815625998715, 6.744861522000065, 7.16073173499899, 7.299945372998991]
['Optuna', 'Best So Far', 0.5718279569892473, 0.6395329441201001, 0.6395329441201001, 0.6395329441201001, 0.6395329441201001, 0.6395329441201001, 0.6395329441201001, 0.6395329441201001, 0.6395329441201001, 0.6395329441201001, 0.6495519044062733, 0.6495519044062733, 0.6495519044062733, 0.6495519044062733, 0.652280701754386]
['Optuna', 'Timestamps', 0.08376869599851489, 0.5243357129984361, 2.6902780949985754, 2.8574354060001497, 4.64806237799894, 4.824404787999811, 4.948783399999229, 5.1253593809997255, 5.499479983000128, 5.629075886999999, 6.024173395999242, 6.423819525998624, 6.814464821000001, 7.214571479998995, 7.3465700919987285]
['Optuna', 'Best So Far', 0.5718279569892473, 0.6395329441201001, 0.6395329441201001, 0.6395329441201001, 0.6395329441201001, 0.6395329441201001, 0.6395329441201001, 0.6395329441201001, 0.6395329441201001, 0.6395329441201001, 0.6495519044062733, 0.6495519044062733, 0.6495519044062733, 0.6495519044062733, 0.6495519044062733]
['Optuna', 'Timestamps', 0.07951610199961578, 0.5202895819984406, 2.6244215439983236, 2.784278932998859, 4.566218133999428, 4.739743513999201, 4.868727412998851, 5.043726819998483, 5.423819078998349, 5.537573640998744, 5.942350429999351, 6.336904608999248, 6.744945103999271, 7.1633866079992, 7.307728372999918]
['Optuna', 'Best So Far', 0.5718279569892473, 0.6395329441201001, 0.6395329441201001, 0.6395329441201001, 0.6395329441201001, 0.6395329441201001, 0.6395329441201001, 0.6395329441201001, 0.6395329441201001, 0.6395329441201001, 0.6495519044062733, 0.6495519044062733, 0.6495519044062733, 0.6495519044062733, 0.6495519044062733]
['Optuna', 'Timestamps', 0.07750175299952389, 0.5258160120010871, 2.677508279999529, 2.833412431000397, 4.6448571359997, 4.813689476999571, 4.944098175999898, 5.117494096000883, 5.492113946000245, 5.613332455001, 6.02909925700078, 6.4638136020003, 6.886343719999786, 7.31562973400105, 7.471848020000834]
['Optuna', 'Best So Far', 0.5718279569892473, 0.6057066577673953, 0.6057066577673953, 0.6212737127371274, 0.6212737127371274, 0.6212737127371274, 0.6238482384823848, 0.6299008390541572, 0.6299008390541572, 0.6299008390541572, 0.6299008390541572, 0.6299008390541572, 0.6299008390541572, 0.6299008390541572, 0.6299008390541572]
['Optuna', 'Timestamps', 0.08383221899930504, 0.5361069289992884, 2.760577459999695, 2.9239756150000176, 4.754430102999322, 4.925331737998931, 5.056055457000184, 5.22814741000002, 5.619519755999136, 5.738079696999193, 5.884520002999125, 6.022673745999782, 7.914834040999267, 8.073818038999889, 8.16663813499872]
['Optuna', 'Best So Far', 0.5718279569892473, 0.6395329441201001, 0.6395329441201001, 0.6395329441201001, 0.6395329441201001, 0.6395329441201001, 0.6395329441201001, 0.6395329441201001, 0.6395329441201001, 0.6395329441201001, 0.6495519044062733, 0.6495519044062733, 0.6495519044062733, 0.6495519044062733, 0.652280701754386]
['Optuna', 'Timestamps', 0.07874814999922819, 0.4970811839993985, 2.5591432109995367, 2.7112614329998905, 4.439846163999391, 4.597198315999776, 4.718063764999897, 4.884538541000438, 5.262396231999446, 5.376574403999257, 5.782539764999456, 6.187664773000506, 6.573922060999394, 6.958759737999571, 7.089989280999362]
['Optuna', 'Best So Far', 0.5718279569892473, 0.6322989656322989, 0.6322989656322989, 0.6322989656322989, 0.6322989656322989, 0.6322989656322989, 0.6322989656322989, 0.6322989656322989, 0.6322989656322989, 0.6322989656322989, 0.6495519044062733, 0.6495519044062733, 0.6495519044062733, 0.6495519044062733, 0.6495519044062733]
['Optuna', 'Timestamps', 0.08542868800032011, 0.5313887769989378, 2.6818618449997302, 2.8495158969999466, 4.62622213099894, 4.805362466999213, 4.928557842000373, 5.099349288999292, 5.473983877998762, 5.593281798999669, 6.01474638199943, 6.427727517999301, 6.830644132998714, 7.249310522998712, 7.378602609000154]
