['Optuna', 'Best So Far', 0.6130546075085325, 0.6395329441201001, 0.6395329441201001, 0.6395329441201001, 0.6395329441201001, 0.6395329441201001, 0.6395329441201001, 0.6395329441201001, 0.6395329441201001, 0.6395329441201001, 0.6495519044062733, 0.6495519044062733, 0.6495519044062733, 0.6495519044062733, 0.6495519044062733]
['Optuna', 'Timestamps', 0.06888221799999883, 0.48768053599997074, 2.6078880060013034, 2.763307651001014, 4.600566725001045, 4.776954075001413, 4.915225923999969, 5.089727716000198, 5.458699545000854, 5.557980961000794, 5.962075882000136, 6.363453687001311, 6.750080724999862, 7.1541883509999025, 7.279114034001395]
['Optuna', 'Best So Far', 0.6130546075085325, 0.6395329441201001, 0.6395329441201001, 0.6395329441201001, 0.6395329441201001, 0.6395329441201001, 0.6395329441201001, 0.6395329441201001, 0.6395329441201001, 0.6395329441201001, 0.6495519044062733, 0.6495519044062733, 0.6495519044062733, 0.6495519044062733, 0.6495519044062733]
['Optuna', 'Timestamps', 0.0711719480004831, 0.5064862380004342, 2.691415308001524, 2.8550774970008206, 4.668665717001204, 4.838645325000471, 4.968397239001206, 5.136501836001116, 5.513440669001284, 5.605072712000037, 5.990518880000309, 6.377775150000161, 6.772268632001214, 7.159697713001151, 7.276213467001071]
['Optuna', 'Best So Far', 0.6130546075085325, 0.6322989656322989, 0.6322989656322989, 0.6322989656322989, 0.6322989656322989, 0.6322989656322989, 0.6322989656322989, 0.6322989656322989, 0.6322989656322989, 0.6322989656322989, 0.6495519044062733, 0.6495519044062733, 0.6495519044062733, 0.6495519044062733, 0.6495519044062733]
['Optuna', 'Timestamps', 0.07199392199981958, 0.5039636620003876, 2.6849250409995875, 2.8456085750003695, 4.622348169999896, 4.798269773998982, 4.934494062999875, 5.10728093599937, 5.47703262899995, 5.568852012998832, 5.959149669999533, 6.389276902998972, 6.78764247700019, 7.18452952699954, 7.306464187999154]
['Optuna', 'Best So Far', 0.6130546075085325, 0.6322989656322989, 0.6322989656322989, 0.6322989656322989, 0.6322989656322989, 0.6322989656322989, 0.6322989656322989, 0.6322989656322989, 0.6322989656322989, 0.6322989656322989, 0.6495519044062733, 0.6495519044062733, 0.6495519044062733, 0.6495519044062733, 0.6495519044062733]
['Optuna', 'Timestamps', 0.06578477100083546, 0.46441912000045704, 2.5883413610008574, 2.7463892890009447, 4.499366244001067, 4.664986343999772, 4.786247385000024, 4.951675784999679, 5.294351017999361, 5.390899375001027, 5.767395128999851, 6.176126567999745, 6.548709114000303, 6.929538065000088, 7.041742724999494]
['Optuna', 'Best So Far', 0.6130546075085325, 0.6130546075085325, 0.6130546075085325, 0.6212737127371274, 0.6212737127371274, 0.6212737127371274, 0.6265582655826558, 0.6265582655826558, 0.6265582655826558, 0.6265582655826558, 0.6265582655826558, 0.6265582655826558, 0.6265582655826558, 0.6265582655826558, 0.6314263920671244]
['Optuna', 'Timestamps', 0.06541760899926885, 0.47274922699944, 2.607423960000233, 2.7697399179996864, 4.53988282499995, 4.708268111999132, 4.83652457899916, 5.0120520389991725, 5.3946586639995076, 5.489256503999059, 5.606140756999594, 5.722661783000149, 7.498652729998867, 7.64942801899997, 7.73993724399952]
['Optuna', 'Best So Far', 0.6130546075085325, 0.6322989656322989, 0.6322989656322989, 0.6322989656322989, 0.6322989656322989, 0.6322989656322989, 0.6322989656322989, 0.6322989656322989, 0.6322989656322989, 0.6322989656322989, 0.6495519044062733, 0.6495519044062733, 0.6495519044062733, 0.6495519044062733, 0.6495519044062733]
['Optuna', 'Timestamps', 0.06660595499852207, 0.5032925059986155, 2.6361765039982856, 2.7995848869995825, 4.588881300998764, 4.766847608998432, 4.958472120999431, 5.131473050998466, 5.534240934999616, 5.632303577998755, 6.064343161999204, 6.462096164999821, 6.8760047309988295, 7.277763935999246, 7.399629314999402]
['Optuna', 'Best So Far', 0.6130546075085325, 0.6395329441201001, 0.6395329441201001, 0.6395329441201001, 0.6395329441201001, 0.6395329441201001, 0.6395329441201001, 0.6395329441201001, 0.6395329441201001, 0.6395329441201001, 0.6495519044062733, 0.6495519044062733, 0.6495519044062733, 0.6495519044062733, 0.6495519044062733]
['Optuna', 'Timestamps', 0.0671263820004242, 0.5021420289995149, 2.618718830000944, 2.781908939999994, 4.5848620220003795, 4.7561343100005615, 4.880514402000699, 5.0567110249994585, 5.417318716999944, 5.512541240999781, 5.884649175000959, 6.283618149000176, 6.690525063999303, 7.079827694000414, 7.203156102999856]
['Optuna', 'Best So Far', 0.6130546075085325, 0.6395329441201001, 0.6395329441201001, 0.6395329441201001, 0.6395329441201001, 0.6395329441201001, 0.6395329441201001, 0.6395329441201001, 0.6395329441201001, 0.6395329441201001, 0.6495519044062733, 0.6495519044062733, 0.6495519044062733, 0.6495519044062733, 0.6495519044062733]
['Optuna', 'Timestamps', 0.07113990299876605, 0.49033773799965275, 2.5895688079999672, 2.7551082449990645, 4.501410640999893, 4.670001711998339, 4.8047673649998615, 4.971338964998722, 5.329022474999874, 5.423117801999979, 5.815958765999312, 6.2198694169983355, 6.6043237269987, 7.015028754998639, 7.130606615999568]
['Optuna', 'Best So Far', 0.6130546075085325, 0.6395329441201001, 0.6395329441201001, 0.6395329441201001, 0.6395329441201001, 0.6395329441201001, 0.6395329441201001, 0.6395329441201001, 0.6395329441201001, 0.6395329441201001, 0.6495519044062733, 0.6495519044062733, 0.6495519044062733, 0.6495519044062733, 0.6495519044062733]
['Optuna', 'Timestamps', 0.07287913999971352, 0.5071890599992912, 2.6954666750007164, 2.854474227000537, 4.67403740699956, 4.846550050000587, 4.978096868999273, 5.161175479999656, 5.592559378999795, 5.68958591900082, 6.086210327999652, 6.481120997999824, 6.885691830999349, 7.28629355799967, 7.408357848000378]
['Optuna', 'Best So Far', 0.6130546075085325, 0.6395329441201001, 0.6395329441201001, 0.6395329441201001, 0.6395329441201001, 0.6395329441201001, 0.6395329441201001, 0.6395329441201001, 0.6395329441201001, 0.6395329441201001, 0.6495519044062733, 0.6495519044062733, 0.6495519044062733, 0.6495519044062733, 0.6495519044062733]
['Optuna', 'Timestamps', 0.06994910299908952, 0.49755496499892615, 2.7322191929997643, 2.89643242099919, 4.825623094000548, 5.002326320000066, 5.1300300439997955, 5.300504992999777, 5.6801875839992135, 5.773759493000398, 6.170767069999783, 6.668343823999749, 7.185233493999476, 8.181015563999608, 8.602981486999852]
['Optuna', 'Best So Far', 0.6130546075085325, 0.6130546075085325, 0.6130546075085325, 0.6212737127371274, 0.6212737127371274, 0.6212737127371274, 0.6265582655826558, 0.6265582655826558, 0.6292311729204934, 0.6292311729204934, 0.6292311729204934, 0.6292311729204934, 0.6292311729204934, 0.6495519044062733, 0.6495519044062733]
['Optuna', 'Timestamps', 0.07038284999907773, 0.5348673649987177, 2.69837264600028, 2.862423955999475, 4.99962227099968, 5.1859895790003065, 5.31557501199859, 5.4907035369997175, 5.886318910999762, 6.009374792000017, 6.427760815999136, 6.836936798999886, 9.106786612999713, 9.521032136999565, 9.672491534998699]
['Optuna', 'Best So Far', 0.6130546075085325, 0.6395329441201001, 0.6395329441201001, 0.6395329441201001, 0.6395329441201001, 0.6395329441201001, 0.6395329441201001, 0.6395329441201001, 0.6395329441201001, 0.6395329441201001, 0.6495519044062733, 0.6495519044062733, 0.6495519044062733, 0.6495519044062733, 0.6495519044062733]
['Optuna', 'Timestamps', 0.1034578180006065, 0.6645983970011002, 3.3483311400013918, 3.5515858480011957, 5.43325416100015, 5.616255673001433, 5.747649804001412, 5.919693965000988, 6.433788895999896, 6.593915532999745, 7.07790438200027, 7.530475211000521, 8.029553292000855, 8.433473827000853, 8.557321607000631]
['Optuna', 'Best So Far', 0.6130546075085325, 0.6395329441201001, 0.6395329441201001, 0.6395329441201001, 0.6395329441201001, 0.6395329441201001, 0.6395329441201001, 0.6395329441201001, 0.6395329441201001, 0.6395329441201001, 0.6495519044062733, 0.6495519044062733, 0.6495519044062733, 0.6495519044062733, 0.6495519044062733]
['Optuna', 'Timestamps', 0.074206850000337, 0.5093891800006531, 2.587486145001094, 2.7478832900014822, 4.552560893000191, 4.740284199000598, 4.898393123999995, 5.0756246210003155, 5.4569464060004975, 5.551008434000323, 5.9593160940003145, 6.362031120999745, 6.785901178000131, 7.202047060000041, 7.323446374000923]
['Optuna', 'Best So Far', 0.6130546075085325, 0.6395329441201001, 0.6395329441201001, 0.6395329441201001, 0.6395329441201001, 0.6395329441201001, 0.6395329441201001, 0.6395329441201001, 0.6395329441201001, 0.6395329441201001, 0.6495519044062733, 0.6495519044062733, 0.6495519044062733, 0.6495519044062733, 0.6495519044062733]
['Optuna', 'Timestamps', 0.07542166999883193, 0.5294193829995493, 2.7603809449992696, 2.938299860999905, 5.192854158000046, 5.369328962000509, 5.502942262999568, 5.680877110999063, 6.06351409600029, 6.158794121000028, 6.565197158999581, 6.9884604519993445, 7.457266735998928, 7.853062747999502, 8.002964109000459]
['Optuna', 'Best So Far', 0.6130546075085325, 0.6322989656322989, 0.6322989656322989, 0.6322989656322989, 0.6322989656322989, 0.6322989656322989, 0.6322989656322989, 0.6322989656322989, 0.6322989656322989, 0.6322989656322989, 0.6495519044062733, 0.6495519044062733, 0.6495519044062733, 0.6495519044062733, 0.6495519044062733]
['Optuna', 'Timestamps', 0.06619893800052523, 0.47186418199999025, 2.590630910000982, 2.7831801420015836, 4.581845518001501, 4.742468494001514, 4.885785386000862, 5.06357261300036, 5.439856173001317, 5.54838567600018, 5.945510165000087, 6.340660794001451, 6.738052698001411, 7.165015041000515, 7.286732443000801]
['Optuna', 'Best So Far', 0.6130546075085325, 0.6395329441201001, 0.6395329441201001, 0.6395329441201001, 0.6395329441201001, 0.6395329441201001, 0.6395329441201001, 0.6395329441201001, 0.6395329441201001, 0.6395329441201001, 0.6495519044062733, 0.6495519044062733, 0.6495519044062733, 0.6495519044062733, 0.6495519044062733]
['Optuna', 'Timestamps', 0.07247912299862946, 0.5267983969988563, 2.7232841099994403, 2.890747659999761, 4.7265464089996385, 4.901115896998817, 5.026122064999072, 5.200542338998275, 5.594029599998976, 5.686070499999914, 6.077087641999242, 6.473132725999676, 6.867122231999019, 7.305576140999619, 7.4258194340000045]
['Optuna', 'Best So Far', 0.6130546075085325, 0.6395329441201001, 0.6395329441201001, 0.6395329441201001, 0.6395329441201001, 0.6395329441201001, 0.6395329441201001, 0.6395329441201001, 0.6395329441201001, 0.6395329441201001, 0.6495519044062733, 0.6495519044062733, 0.6495519044062733, 0.6495519044062733, 0.6495519044062733]
['Optuna', 'Timestamps', 0.0724220800002513, 0.5083958700015501, 2.640119041001526, 2.803793064000274, 4.601466983000137, 4.768590450999909, 4.895266653000363, 5.0680434860005334, 5.436263349000001, 5.530629109000074, 5.949447369001064, 6.352073318001203, 6.752010161000726, 7.148083544001565, 7.271238983999865]
['Optuna', 'Best So Far', 0.6130546075085325, 0.6395329441201001, 0.6395329441201001, 0.6395329441201001, 0.6395329441201001, 0.6395329441201001, 0.6395329441201001, 0.6395329441201001, 0.6395329441201001, 0.6395329441201001, 0.6495519044062733, 0.6495519044062733, 0.6495519044062733, 0.6495519044062733, 0.6495519044062733]
['Optuna', 'Timestamps', 0.07376636600019992, 0.5335464559993852, 2.7198705800001335, 2.8780539029994543, 4.675778404000084, 4.8558797069999855, 4.989142159000039, 5.169212157999937, 5.563404181000806, 5.668264825999358, 6.0903414959993825, 6.5067337960008444, 6.8953885459995945, 7.291636031999587, 7.407796658999359]
['Optuna', 'Best So Far', 0.6130546075085325, 0.6395329441201001, 0.6395329441201001, 0.6395329441201001, 0.6395329441201001, 0.6395329441201001, 0.6395329441201001, 0.6395329441201001, 0.6395329441201001, 0.6395329441201001, 0.6495519044062733, 0.6495519044062733, 0.6495519044062733, 0.6495519044062733, 0.6495519044062733]
['Optuna', 'Timestamps', 0.09646160300144402, 0.5460209190005116, 2.7390469620004296, 2.9103135770001245, 4.789684624000074, 4.95922768300079, 5.092160379001143, 5.258615677001217, 5.630151688001206, 5.727208217000225, 6.15720617199986, 6.594433624000885, 7.01001278700096, 7.428048931000376, 7.555678770000668]
['Optuna', 'Best So Far', 0.6130546075085325, 0.6395329441201001, 0.6395329441201001, 0.6395329441201001, 0.6395329441201001, 0.6395329441201001, 0.6395329441201001, 0.6395329441201001, 0.6395329441201001, 0.6395329441201001, 0.6495519044062733, 0.6495519044062733, 0.6495519044062733, 0.6495519044062733, 0.6495519044062733]
['Optuna', 'Timestamps', 0.07162294100089639, 0.5388822550012264, 2.756658910000624, 2.9204379790007806, 4.784181148001153, 4.984469066001111, 5.112519120000798, 5.2820279840016156, 5.6481649260003906, 5.748188805000609, 6.138886773000195, 6.552117991001069, 6.976133559001028, 7.509148934001132, 7.63488282400067]
