['Optuna', 'Best So Far', 0.8002088103948973, 0.8002088103948973, 0.8288663887234465, 0.8288663887234465, 0.8288663887234465, 0.8288663887234465, 0.8288663887234465, 0.8288663887234465, 0.8288663887234465, 0.8288663887234465, 0.8288663887234465, 0.8288663887234465, 0.8288663887234465, 0.852497901689596, 0.852497901689596]
['Optuna', 'Timestamps', 0.18791885999962687, 1.28302288300074, 5.155835879999358, 5.585854671000561, 8.43800442400061, 9.179380096000386, 9.699113057000432, 10.460924414999681, 11.335465943999225, 11.856724262999705, 17.94843131900052, 23.649874537999494, 24.93843595599901, 29.800129224999182, 30.36823887600076]
['Optuna', 'Best So Far', 0.8002088103948973, 0.8002088103948973, 0.8258166314865515, 0.8258166314865515, 0.8258166314865515, 0.8258166314865515, 0.8258166314865515, 0.8258166314865515, 0.8258166314865515, 0.8258166314865515, 0.8258166314865515, 0.8258166314865515, 0.8258166314865515, 0.852497901689596, 0.852497901689596]
['Optuna', 'Timestamps', 0.2394493940009852, 1.5489979980011412, 5.991558985000665, 6.411007081000207, 9.773858213000494, 10.484364228999766, 10.856244747001256, 11.42203632699966, 12.7905957210005, 13.223359603000063, 17.704671266999867, 21.686143969000113, 22.74629252900013, 26.451787387000877, 26.82725054200091]
['Optuna', 'Best So Far', 0.8002088103948973, 0.8002088103948973, 0.8288663887234465, 0.8288663887234465, 0.8288663887234465, 0.8288663887234465, 0.8288663887234465, 0.8288663887234465, 0.8288663887234465, 0.8288663887234465, 0.8288663887234465, 0.8288663887234465, 0.8288663887234465, 0.852497901689596, 0.852497901689596]
['Optuna', 'Timestamps', 0.2216189310001937, 1.5045738200005871, 6.017097956000725, 6.4482180720006, 10.055825749999713, 10.728023644000132, 11.073871223999959, 11.596316306999142, 12.676903292000134, 13.19753757000035, 17.380327971999577, 22.37855974500053, 23.722626279000906, 28.16356574100064, 28.705734495999423]
['Optuna', 'Best So Far', 0.8002088103948973, 0.8002088103948973, 0.8288663887234465, 0.8288663887234465, 0.8288663887234465, 0.8288663887234465, 0.8288663887234465, 0.8288663887234465, 0.8288663887234465, 0.8288663887234465, 0.8288663887234465, 0.8288663887234465, 0.8288663887234465, 0.852497901689596, 0.852497901689596]
['Optuna', 'Timestamps', 0.23976344599941513, 1.510177334999753, 6.585085875000004, 7.106073961998845, 10.987102761999267, 11.765280846999303, 12.158486331998574, 12.911832411999058, 13.961058711000078, 14.412447475999215, 18.79864581699985, 23.078030935999777, 24.100463753999065, 27.27025343799869, 27.6814790669996]
['Optuna', 'Best So Far', 0.8002088103948973, 0.8002088103948973, 0.8288663887234465, 0.8288663887234465, 0.8288663887234465, 0.8288663887234465, 0.8288663887234465, 0.8288663887234465, 0.8288663887234465, 0.8288663887234465, 0.8288663887234465, 0.8288663887234465, 0.8288663887234465, 0.852497901689596, 0.852497901689596]
['Optuna', 'Timestamps', 0.1946124599999166, 1.269697678000739, 5.379228519001117, 5.802023415000804, 9.008280093001304, 9.64627470800042, 9.969728112000666, 10.487686599000881, 11.329638125000201, 11.706779443000414, 15.358626364000884, 18.600389909001024, 19.693168278001394, 23.015336758000558, 23.321626168000876]
['Optuna', 'Best So Far', 0.8002088103948973, 0.8002088103948973, 0.8288663887234465, 0.8288663887234465, 0.8288663887234465, 0.8288663887234465, 0.8288663887234465, 0.8288663887234465, 0.8288663887234465, 0.8288663887234465, 0.8288663887234465, 0.8288663887234465, 0.8288663887234465, 0.852497901689596, 0.852497901689596]
['Optuna', 'Timestamps', 0.19599824200122384, 1.2121277630012628, 5.239452189000076, 5.661116503000812, 8.69717220200073, 9.36166600999968, 9.769084322000708, 10.292745175000164, 11.21565969600124, 11.630150363000212, 15.677945536001062, 19.66541194900128, 20.99244433700005, 24.86180036800033, 25.261957650000113]
['Optuna', 'Best So Far', 0.8002088103948973, 0.8002088103948973, 0.8288663887234465, 0.8288663887234465, 0.8288663887234465, 0.8288663887234465, 0.8288663887234465, 0.8288663887234465, 0.8288663887234465, 0.8288663887234465, 0.8288663887234465, 0.8288663887234465, 0.8288663887234465, 0.852497901689596, 0.852497901689596]
['Optuna', 'Timestamps', 0.19148994900024263, 1.2211618140008795, 5.431959678999192, 5.871177995000835, 9.206063571000414, 9.872808161999274, 10.22361753199948, 10.765721884999948, 11.648343455999566, 12.054440833000626, 16.005058692999228, 19.903715382999508, 20.823107379999783, 24.480074597000566, 25.019171183999788]
['Optuna', 'Best So Far', 0.8002088103948973, 0.8002088103948973, 0.8288663887234465, 0.8288663887234465, 0.8288663887234465, 0.8288663887234465, 0.8288663887234465, 0.8288663887234465, 0.8288663887234465, 0.8288663887234465, 0.8288663887234465, 0.8288663887234465, 0.8288663887234465, 0.852497901689596, 0.852497901689596]
['Optuna', 'Timestamps', 0.19895957299922884, 1.7226131370007352, 7.397857882000608, 7.982949985000232, 12.281221683000695, 13.120089383999584, 13.57870204900064, 14.337418814999182, 15.68804418900072, 16.130553574999794, 20.303386501000205, 24.84071959299945, 25.902960123999947, 29.602663703999497, 29.991543330999775]
['Optuna', 'Best So Far', 0.8002088103948973, 0.8002088103948973, 0.8288663887234465, 0.8288663887234465, 0.8288663887234465, 0.8288663887234465, 0.8288663887234465, 0.8288663887234465, 0.8288663887234465, 0.8288663887234465, 0.8288663887234465, 0.8288663887234465, 0.8288663887234465, 0.852497901689596, 0.852497901689596]
['Optuna', 'Timestamps', 0.1858383869998761, 1.1970260339999186, 4.806363902999692, 5.21601478599996, 7.953689256999951, 8.517861825999717, 8.803507010999965, 9.23847113299962, 9.877932615999725, 10.248215780999999, 13.459923719000017, 16.36309732699965, 17.099721342000066, 19.885742194999693, 20.163408912999785]
['Optuna', 'Best So Far', 0.8002088103948973, 0.8002088103948973, 0.8288663887234465, 0.8288663887234465, 0.8288663887234465, 0.8288663887234465, 0.8288663887234465, 0.8288663887234465, 0.8288663887234465, 0.8288663887234465, 0.8288663887234465, 0.8288663887234465, 0.8288663887234465, 0.852497901689596, 0.852497901689596]
['Optuna', 'Timestamps', 0.1813619680001466, 1.1676483890000782, 4.72468526800003, 5.114459167999939, 7.808385283999996, 8.328497611999865, 8.602929781000057, 9.023074219000137, 9.690085641999758, 10.045703370999945, 13.229904953999721, 16.102797635000115, 16.804525396999907, 19.5427352480001, 19.81945217099974]
['Optuna', 'Best So Far', 0.8002088103948973, 0.8002088103948973, 0.8288663887234465, 0.8288663887234465, 0.8288663887234465, 0.8288663887234465, 0.8288663887234465, 0.8288663887234465, 0.8288663887234465, 0.8288663887234465, 0.8288663887234465, 0.8288663887234465, 0.8288663887234465, 0.852497901689596, 0.852497901689596]
['Optuna', 'Timestamps', 0.17306432999976096, 1.1025399139998626, 4.797611199999665, 5.205162942999777, 8.029222531999949, 8.584580877999997, 8.859914884999853, 9.287223491000077, 9.935721839000053, 10.291227497999898, 13.619528828000057, 16.56698887199991, 17.39839760399991, 20.249585274999845, 20.518196266999894]
['Optuna', 'Best So Far', 0.8002088103948973, 0.8002088103948973, 0.8288663887234465, 0.8288663887234465, 0.8288663887234465, 0.8288663887234465, 0.8288663887234465, 0.8288663887234465, 0.8288663887234465, 0.8288663887234465, 0.8288663887234465, 0.8288663887234465, 0.8288663887234465, 0.852497901689596, 0.852497901689596]
['Optuna', 'Timestamps', 0.17544484900008683, 1.1117297420000796, 4.67127279899978, 5.069167152999853, 7.827425306999885, 8.350047685999925, 8.616888868999922, 9.041703435999807, 9.731794312000147, 10.104182530999879, 13.348391835999792, 16.2986953489999, 17.02979339300009, 19.792024788000163, 20.06380746700006]
['Optuna', 'Best So Far', 0.8002088103948973, 0.8002088103948973, 0.8288663887234465, 0.8288663887234465, 0.8288663887234465, 0.8288663887234465, 0.8288663887234465, 0.8288663887234465, 0.8288663887234465, 0.8288663887234465, 0.8288663887234465, 0.8288663887234465, 0.8288663887234465, 0.852497901689596, 0.852497901689596]
['Optuna', 'Timestamps', 0.17655283999965832, 1.1696508209997774, 4.788244451999617, 5.1853512599996066, 8.016251068999736, 8.563415972999792, 8.852396287999909, 9.280353740999999, 9.950526393000018, 10.314503743999921, 13.678032728999824, 16.716349175999767, 17.53414391599972, 20.428925763999814, 20.73141481599987]
['Optuna', 'Best So Far', 0.8002088103948973, 0.8002088103948973, 0.8288663887234465, 0.8288663887234465, 0.8288663887234465, 0.8288663887234465, 0.8288663887234465, 0.8288663887234465, 0.8288663887234465, 0.8288663887234465, 0.8288663887234465, 0.8288663887234465, 0.8288663887234465, 0.852497901689596, 0.852497901689596]
['Optuna', 'Timestamps', 0.17704704099969604, 1.3167604169998413, 4.950796889999765, 5.358763586999885, 8.143483333999939, 8.655732990999695, 8.934844101999715, 9.37559189700005, 10.056148055999984, 10.409321174999604, 13.687361430999772, 16.60753139899998, 17.310345652999786, 20.094226014000014, 20.36485915000003]
['Optuna', 'Best So Far', 0.8002088103948973, 0.8002088103948973, 0.8288663887234465, 0.8288663887234465, 0.8288663887234465, 0.8288663887234465, 0.8288663887234465, 0.8288663887234465, 0.8288663887234465, 0.8288663887234465, 0.8288663887234465, 0.8288663887234465, 0.8288663887234465, 0.852497901689596, 0.852497901689596]
['Optuna', 'Timestamps', 0.17132838399993489, 1.0808478610001657, 4.594142421000015, 4.9868137710000155, 7.689467540999885, 8.213448784999855, 8.483456579000176, 8.901356282000052, 9.550576160000219, 9.903649845000018, 13.132897491000222, 16.07175814099992, 16.826653869999973, 19.530551549999927, 19.797726563000197]
['Optuna', 'Best So Far', 0.8002088103948973, 0.8002088103948973, 0.8288663887234465, 0.8288663887234465, 0.8288663887234465, 0.8288663887234465, 0.8288663887234465, 0.8288663887234465, 0.8288663887234465, 0.8288663887234465, 0.8288663887234465, 0.8288663887234465, 0.8288663887234465, 0.852497901689596, 0.852497901689596]
['Optuna', 'Timestamps', 0.1779338540000026, 1.0492761159998736, 4.5047095559998525, 4.907357187999878, 7.6755845029997545, 8.22154300200009, 8.492000415999883, 8.94056192700009, 9.619543620000059, 9.988576586999898, 13.269687018999775, 16.174347278999903, 16.94641905499975, 19.725109106999753, 20.05469390799999]
['Optuna', 'Best So Far', 0.8002088103948973, 0.8002088103948973, 0.8288663887234465, 0.8288663887234465, 0.8288663887234465, 0.8288663887234465, 0.8288663887234465, 0.8288663887234465, 0.8288663887234465, 0.8288663887234465, 0.8288663887234465, 0.8288663887234465, 0.8288663887234465, 0.852497901689596, 0.852497901689596]
['Optuna', 'Timestamps', 0.18430009999974573, 1.1334212909996495, 4.737834172000021, 5.135195559999829, 7.9196955669999625, 8.436721071999727, 8.708663327999602, 9.131149759999971, 9.818072657999892, 10.169262672999594, 13.423209393999969, 16.399537402999613, 17.201599968999744, 19.979324949999864, 20.254211784999825]
['Optuna', 'Best So Far', 0.8002088103948973, 0.8002088103948973, 0.8258166314865515, 0.8258166314865515, 0.8258166314865515, 0.8258166314865515, 0.8258166314865515, 0.8258166314865515, 0.8258166314865515, 0.8258166314865515, 0.8258166314865515, 0.8258166314865515, 0.8258166314865515, 0.852497901689596, 0.852497901689596]
['Optuna', 'Timestamps', 0.17775631999984398, 1.1235039169996526, 4.607112668999889, 4.9976779119997445, 7.7216298729999835, 8.241475469999841, 8.517540520999773, 8.935382819999631, 9.608185954999954, 9.957729078999819, 13.2243554329998, 16.14906115099984, 16.897523531999923, 19.66174173799982, 19.958569818999877]
['Optuna', 'Best So Far', 0.8002088103948973, 0.8002088103948973, 0.8288663887234465, 0.8288663887234465, 0.8288663887234465, 0.8288663887234465, 0.8288663887234465, 0.8288663887234465, 0.8288663887234465, 0.8288663887234465, 0.8288663887234465, 0.8288663887234465, 0.8288663887234465, 0.852497901689596, 0.852497901689596]
['Optuna', 'Timestamps', 0.1743641809998735, 1.1735632340000848, 4.797395984000104, 5.207812368999839, 7.967790555999727, 8.522744229999716, 8.80299332200002, 9.220281958999749, 9.850693027000034, 10.20759949100011, 13.457105914999829, 16.383456604000003, 17.122595567999724, 19.896369337000124, 20.19003815699989]
['Optuna', 'Best So Far', 0.8002088103948973, 0.8002088103948973, 0.8288663887234465, 0.8288663887234465, 0.8288663887234465, 0.8288663887234465, 0.8288663887234465, 0.8288663887234465, 0.8288663887234465, 0.8288663887234465, 0.8288663887234465, 0.8288663887234465, 0.8288663887234465, 0.852497901689596, 0.852497901689596]
['Optuna', 'Timestamps', 0.17626308299986704, 1.2235157029999755, 4.761429063999913, 5.154632273000061, 7.880803997999919, 8.415976138000133, 8.689365626999916, 9.122545902000184, 9.810822991999885, 10.166481082000246, 13.354128173999925, 16.222437248999995, 16.956319343999894, 19.697704281999904, 19.961844990999907]
['Optuna', 'Best So Far', 0.8002088103948973, 0.8002088103948973, 0.8288663887234465, 0.8288663887234465, 0.8288663887234465, 0.8288663887234465, 0.8288663887234465, 0.8288663887234465, 0.8288663887234465, 0.8288663887234465, 0.8288663887234465, 0.8288663887234465, 0.8288663887234465, 0.852497901689596, 0.852497901689596]
['Optuna', 'Timestamps', 0.1760095720001118, 1.079337852000208, 4.664827528999922, 5.066282047000186, 7.807900133000203, 8.349922768999932, 8.631688790000226, 9.054965859000276, 9.750433782000073, 10.098148478999974, 13.367135534000226, 16.31388910900023, 17.11431839700026, 19.887771887000326, 20.165257678000216]
['Optuna', 'Best So Far', 0.8002088103948973, 0.8002088103948973, 0.8288663887234465, 0.8288663887234465, 0.8288663887234465, 0.8288663887234465, 0.8288663887234465, 0.8288663887234465, 0.8288663887234465, 0.8288663887234465, 0.8288663887234465, 0.8288663887234465, 0.8288663887234465, 0.852497901689596, 0.852497901689596]
['Optuna', 'Timestamps', 0.17517569500023455, 1.1895870869998362, 4.758643885999845, 5.163849584000218, 7.936660767999911, 8.466274842000075, 8.750655838000057, 9.166752366999845, 9.91822746400021, 10.271213182999873, 13.547114513999986, 16.470061990999966, 17.239203438000004, 20.05370776200016, 20.33457548000024]
['Optuna', 'Best So Far', 0.8002088103948973, 0.8002088103948973, 0.8288663887234465, 0.8288663887234465, 0.8288663887234465, 0.8288663887234465, 0.8288663887234465, 0.8288663887234465, 0.8288663887234465, 0.8288663887234465, 0.8288663887234465, 0.8288663887234465, 0.8288663887234465, 0.852497901689596, 0.852497901689596]
['Optuna', 'Timestamps', 0.17520023600036438, 1.1820240619999822, 4.8275647230002505, 5.235829750999983, 8.02533249299995, 8.56832759100007, 8.83800453699996, 9.263784639000278, 10.066729100999964, 10.42641219699999, 13.850750789000358, 16.884314224000263, 17.668813078000312, 20.517382187000294, 20.792893541000012]
['Optuna', 'Best So Far', 0.8002088103948973, 0.8002088103948973, 0.8288663887234465, 0.8288663887234465, 0.8288663887234465, 0.8288663887234465, 0.8288663887234465, 0.8288663887234465, 0.8288663887234465, 0.8288663887234465, 0.8288663887234465, 0.8288663887234465, 0.8288663887234465, 0.852497901689596, 0.852497901689596]
['Optuna', 'Timestamps', 0.18867815700014035, 1.1543556540000282, 4.778828393999902, 5.197193354000319, 7.979123604000051, 8.525476927, 8.805732314000124, 9.238345412999934, 9.984818605000328, 10.346696230999896, 13.622809867000342, 16.560734906000107, 17.372754700000314, 20.150484055000106, 20.427658565]
['Optuna', 'Best So Far', 0.8002088103948973, 0.8002088103948973, 0.8258166314865515, 0.8258166314865515, 0.8258166314865515, 0.8258166314865515, 0.8258166314865515, 0.8258166314865515, 0.8258166314865515, 0.8258166314865515, 0.8258166314865515, 0.8258166314865515, 0.8258166314865515, 0.852497901689596, 0.852497901689596]
['Optuna', 'Timestamps', 0.17551095499993608, 1.229644401999849, 4.828156292000131, 5.222254998000153, 7.941411791000064, 8.460891488000016, 8.753081370000018, 9.177864266000142, 9.965424907999932, 10.315868618999957, 13.589729201999944, 16.49695732300006, 17.241268431999742, 20.00952273599978, 20.287610387999848]
['Optuna', 'Best So Far', 0.8002088103948973, 0.8002088103948973, 0.8002088103948973, 0.8002088103948973, 0.8242846661775495, 0.8242846661775495, 0.8242846661775495, 0.8242846661775495, 0.8242846661775495, 0.8242846661775495, 0.8242846661775495, 0.8242846661775495, 0.8242846661775495, 0.8242846661775495, 0.8242846661775495]
['Optuna', 'Timestamps', 0.17292892500017842, 1.1266023890002543, 4.6248303120000855, 5.028365754999868, 7.784337768000114, 8.333084924000104, 8.610448887000075, 9.036294558000009, 9.717783977000181, 10.079531187000157, 12.861776748000011, 15.627522589999899, 15.790631636999933, 18.59193161400026, 18.828522649000206]
['Optuna', 'Best So Far', 0.8002088103948973, 0.8002088103948973, 0.8288663887234465, 0.8288663887234465, 0.8288663887234465, 0.8288663887234465, 0.8288663887234465, 0.8288663887234465, 0.8288663887234465, 0.8288663887234465, 0.8288663887234465, 0.8288663887234465, 0.8288663887234465, 0.852497901689596, 0.852497901689596]
['Optuna', 'Timestamps', 0.1811493430000155, 1.1174391730000934, 4.622351376000097, 5.009351264000088, 7.709894892000193, 8.239447781000308, 8.507681842000238, 8.926291338000283, 9.577846802000295, 9.916626494999946, 13.095667361000324, 15.970725478000077, 16.764634129000115, 19.53380306500003, 19.804451866000363]
['Optuna', 'Best So Far', 0.8002088103948973, 0.8002088103948973, 0.8288663887234465, 0.8288663887234465, 0.8288663887234465, 0.8288663887234465, 0.8288663887234465, 0.8288663887234465, 0.8288663887234465, 0.8288663887234465, 0.8288663887234465, 0.8288663887234465, 0.8288663887234465, 0.852497901689596, 0.852497901689596]
['Optuna', 'Timestamps', 0.17392172499967273, 1.196575921999738, 4.647754698999961, 5.052940612999919, 7.761267112000041, 8.290923266999926, 8.562048968999989, 8.992098614000042, 9.711256089000017, 10.076382225000089, 13.354582336000021, 16.25933902199995, 17.096318842000073, 19.84589194199998, 20.111372644999847]
