['Optuna', 'Best So Far', 0.8179086256280227, 0.8179086256280227, 0.8288663887234465, 0.8288663887234465, 0.8330169706008632, 0.8330169706008632, 0.8330169706008632, 0.8330169706008632, 0.8330169706008632, 0.8330169706008632, 0.8330169706008632, 0.8330169706008632, 0.8330169706008632, 0.8330169706008632, 0.8330169706008632]
['Optuna', 'Timestamps', 0.14372665100017912, 1.201217722000365, 5.015004113000032, 5.409568570000374, 8.110830825999983, 8.867806441000539, 9.136647511000774, 9.551502294000784, 10.223562712000785, 10.519522239000253, 13.235571150999931, 15.949651320000157, 16.095795241000815, 18.856936940000196, 19.12369856300029]
['Optuna', 'Best So Far', 0.8179086256280227, 0.8179086256280227, 0.8288663887234465, 0.8288663887234465, 0.8330169706008632, 0.8330169706008632, 0.8330169706008632, 0.8330169706008632, 0.8330169706008632, 0.8330169706008632, 0.8330169706008632, 0.8330169706008632, 0.8330169706008632, 0.8330169706008632, 0.8330169706008632]
['Optuna', 'Timestamps', 0.14774758000021393, 1.1617534449997038, 5.438350923999678, 5.84076614300011, 8.656320901999607, 9.366415256000437, 9.634397499000443, 10.060652355000457, 10.735093948999747, 11.029607549000502, 13.750276017000033, 16.458548567000435, 16.6121879680004, 19.393634279000253, 19.641517969000233]
['Optuna', 'Best So Far', 0.8179086256280227, 0.8179086256280227, 0.8288663887234465, 0.8288663887234465, 0.8330169706008632, 0.8330169706008632, 0.8330169706008632, 0.8330169706008632, 0.8330169706008632, 0.8330169706008632, 0.8330169706008632, 0.8330169706008632, 0.8330169706008632, 0.8330169706008632, 0.8330169706008632]
['Optuna', 'Timestamps', 0.14707022299990058, 1.1508697829995072, 4.905863835999298, 5.296866521999618, 8.08769213999949, 8.812903762999667, 9.08450822299983, 9.51232286999948, 10.305015953999828, 10.584642580000036, 13.386130728999888, 16.19093688799967, 16.33615023999937, 19.166546231999746, 19.413705858999492]
['Optuna', 'Best So Far', 0.8179086256280227, 0.8179086256280227, 0.8288663887234465, 0.8288663887234465, 0.8330169706008632, 0.8330169706008632, 0.8330169706008632, 0.8330169706008632, 0.8330169706008632, 0.8330169706008632, 0.8330169706008632, 0.8330169706008632, 0.8330169706008632, 0.8330169706008632, 0.8330169706008632]
['Optuna', 'Timestamps', 0.14797077300045203, 1.282676365000043, 5.261058477000006, 5.681768718000058, 8.713787315000445, 9.455211579000206, 9.73084913599996, 10.159474007999961, 10.955421771000147, 11.294848384000034, 14.216321169000366, 17.106699742000274, 17.2617234570007, 20.20534720500018, 20.473806475000856]
['Optuna', 'Best So Far', 0.8179086256280227, 0.8179086256280227, 0.8288663887234465, 0.8288663887234465, 0.8330169706008632, 0.8330169706008632, 0.8330169706008632, 0.8330169706008632, 0.8330169706008632, 0.8330169706008632, 0.8330169706008632, 0.8330169706008632, 0.8330169706008632, 0.8330169706008632, 0.8330169706008632]
['Optuna', 'Timestamps', 0.16268714499983616, 1.075873194000451, 5.1472959729999275, 5.5662091949998285, 8.572324647000642, 9.270170210999822, 9.545705923000241, 9.97884571800023, 10.764399968999896, 11.051397508000264, 13.940297030000693, 16.80782655800067, 16.953442527000334, 19.837528912999915, 20.082309974000054]
['Optuna', 'Best So Far', 0.8179086256280227, 0.8179086256280227, 0.8288663887234465, 0.8288663887234465, 0.8330169706008632, 0.8330169706008632, 0.8330169706008632, 0.8330169706008632, 0.8330169706008632, 0.8330169706008632, 0.8330169706008632, 0.8330169706008632, 0.8330169706008632, 0.8330169706008632, 0.8330169706008632]
['Optuna', 'Timestamps', 0.15750344000025507, 1.1668434319999506, 5.017319235999821, 5.421171482000318, 8.243783216000338, 8.998450379000133, 9.274142236000444, 9.698846777000654, 10.38657693999994, 10.681328392000069, 13.511975615000665, 16.41792581900063, 16.574635869000304, 19.410898567000004, 19.67384378299994]
['Optuna', 'Best So Far', 0.8179086256280227, 0.8179086256280227, 0.8179086256280227, 0.8179086256280227, 0.8330169706008632, 0.8330169706008632, 0.8330169706008632, 0.8330169706008632, 0.8330169706008632, 0.8330169706008632, 0.8330169706008632, 0.8330169706008632, 0.8330169706008632, 0.8330169706008632, 0.8330169706008632]
['Optuna', 'Timestamps', 0.15483196200057137, 1.10960886400062, 4.884035312000378, 5.283406387000468, 8.008683415000633, 8.727115233999939, 8.997959033999905, 9.416705825000463, 10.106997363000119, 10.39393529300014, 13.131729467000696, 15.843527734999952, 15.991893025000536, 18.80065891400045, 19.05489642000066]
['Optuna', 'Best So Far', 0.8179086256280227, 0.8179086256280227, 0.8288663887234465, 0.8288663887234465, 0.8330169706008632, 0.8330169706008632, 0.8330169706008632, 0.8330169706008632, 0.8330169706008632, 0.8330169706008632, 0.8330169706008632, 0.8330169706008632, 0.8330169706008632, 0.8330169706008632, 0.8330169706008632]
['Optuna', 'Timestamps', 0.14474760799930664, 1.1584364350001124, 5.035802389999844, 5.436457797000003, 8.108292781999808, 8.811842618999435, 9.08853288499995, 9.506331709999358, 10.14682983900002, 10.438781056000153, 13.209896102999664, 15.961251802999868, 16.110597179999786, 18.898790494999957, 19.148569936999593]
['Optuna', 'Best So Far', 0.8179086256280227, 0.8179086256280227, 0.8288663887234465, 0.8288663887234465, 0.8330169706008632, 0.8330169706008632, 0.8330169706008632, 0.8330169706008632, 0.8330169706008632, 0.8330169706008632, 0.8330169706008632, 0.8330169706008632, 0.8330169706008632, 0.8330169706008632, 0.8330169706008632]
['Optuna', 'Timestamps', 0.14793844199994055, 1.179129369000293, 4.981701704000443, 5.379250605000379, 8.134950567000487, 8.865950864999832, 9.132170173000304, 9.552031410999916, 10.228744521000408, 10.517232408999917, 13.299488315999952, 16.093743297999936, 16.249237011999867, 19.067336219000026, 19.316157747000034]
['Optuna', 'Best So Far', 0.8179086256280227, 0.8179086256280227, 0.8288663887234465, 0.8288663887234465, 0.8330169706008632, 0.8330169706008632, 0.8330169706008632, 0.8330169706008632, 0.8330169706008632, 0.8330169706008632, 0.8330169706008632, 0.8330169706008632, 0.8330169706008632, 0.8330169706008632, 0.8330169706008632]
['Optuna', 'Timestamps', 0.1482278799994674, 1.1033522369998536, 4.895186149999972, 5.299659684999824, 8.036856986999737, 8.715609374999985, 8.992264085999523, 9.40599518199997, 10.11916779799958, 10.40683187599916, 13.113280519999535, 15.812316099999407, 15.958176310999988, 18.779006070999458, 19.02345983699979]
['Optuna', 'Best So Far', 0.8179086256280227, 0.8179086256280227, 0.8288663887234465, 0.8288663887234465, 0.8330169706008632, 0.8330169706008632, 0.8330169706008632, 0.8330169706008632, 0.8330169706008632, 0.8330169706008632, 0.8330169706008632, 0.8330169706008632, 0.8330169706008632, 0.8330169706008632, 0.8330169706008632]
['Optuna', 'Timestamps', 0.15384340299988253, 1.298915450000095, 5.228651922999234, 5.657028873999479, 8.570648041999448, 9.326007973999367, 9.618348717000117, 10.068009811999218, 10.831796144999316, 11.146620498999255, 14.075698963999457, 17.121904934999293, 17.280672962999233, 20.363755427999422, 20.636184625999704]
['Optuna', 'Best So Far', 0.8179086256280227, 0.8179086256280227, 0.8288663887234465, 0.8288663887234465, 0.8330169706008632, 0.8330169706008632, 0.8330169706008632, 0.8330169706008632, 0.8330169706008632, 0.8330169706008632, 0.8330169706008632, 0.8330169706008632, 0.8330169706008632, 0.8330169706008632, 0.8330169706008632]
['Optuna', 'Timestamps', 0.14970729699962249, 1.2647503220005092, 5.282627743000376, 5.685840701000416, 8.521722641999986, 9.332570892000149, 9.614988782000182, 10.051686777999748, 10.672163946000182, 10.979382106999765, 13.939455423000254, 16.73160339900005, 16.879231193999658, 19.760804520999955, 20.010846465999748]
['Optuna', 'Best So Far', 0.8179086256280227, 0.8179086256280227, 0.8288663887234465, 0.8288663887234465, 0.8330169706008632, 0.8330169706008632, 0.8330169706008632, 0.8330169706008632, 0.8330169706008632, 0.8330169706008632, 0.8330169706008632, 0.8330169706008632, 0.8330169706008632, 0.8330169706008632, 0.8330169706008632]
['Optuna', 'Timestamps', 0.15474163700037025, 1.0576575710001634, 4.870269136999923, 5.271212446000391, 7.997500840000612, 8.68772874500064, 8.963107795000724, 9.383203288000004, 10.07877417600048, 10.383305381000355, 13.179797950000648, 15.981541599000593, 16.12730368100074, 19.026267072000337, 19.295581960000163]
['Optuna', 'Best So Far', 0.8179086256280227, 0.8179086256280227, 0.8288663887234465, 0.8288663887234465, 0.8330169706008632, 0.8330169706008632, 0.8330169706008632, 0.8330169706008632, 0.8330169706008632, 0.8330169706008632, 0.8330169706008632, 0.8330169706008632, 0.8330169706008632, 0.8330169706008632, 0.8330169706008632]
['Optuna', 'Timestamps', 0.14928877599959378, 1.1670264539998243, 4.909084070000063, 5.308662360999733, 8.04575265099993, 8.787772026000312, 9.059329642999728, 9.480380975999651, 10.20634060700013, 10.487952563000363, 13.247598478999862, 16.01963441099997, 16.17354865099969, 18.95550817900039, 19.21901204400001]
['Optuna', 'Best So Far', 0.8179086256280227, 0.8179086256280227, 0.8288663887234465, 0.8288663887234465, 0.8330169706008632, 0.8330169706008632, 0.8330169706008632, 0.8330169706008632, 0.8330169706008632, 0.8330169706008632, 0.8330169706008632, 0.8330169706008632, 0.8330169706008632, 0.8330169706008632, 0.8330169706008632]
['Optuna', 'Timestamps', 0.14917557500029943, 1.0711050729996714, 4.835198904999743, 5.243477506999625, 7.937476019000314, 8.610366574999716, 8.875296498000353, 9.291636125999503, 10.044366666000315, 10.336114791999535, 13.059973782999805, 15.79650836699966, 15.94579017199976, 18.709173600000213, 18.950601663999805]
['Optuna', 'Best So Far', 0.8179086256280227, 0.8179086256280227, 0.8288663887234465, 0.8288663887234465, 0.8330169706008632, 0.8330169706008632, 0.8330169706008632, 0.8330169706008632, 0.8330169706008632, 0.8330169706008632, 0.8330169706008632, 0.8330169706008632, 0.8330169706008632, 0.8330169706008632, 0.8330169706008632]
['Optuna', 'Timestamps', 0.14471386000059283, 1.05999210400023, 4.948334637000698, 5.355218392000097, 8.079091000000517, 8.85832483700051, 9.117476487000204, 9.539512101000582, 10.166258257000663, 10.457502613000543, 13.45492611300051, 16.309073376000015, 16.461916967000434, 19.320475284000167, 19.57488224000008]
['Optuna', 'Best So Far', 0.8179086256280227, 0.8179086256280227, 0.8288663887234465, 0.8288663887234465, 0.8330169706008632, 0.8330169706008632, 0.8330169706008632, 0.8330169706008632, 0.8330169706008632, 0.8330169706008632, 0.8330169706008632, 0.8330169706008632, 0.8330169706008632, 0.8330169706008632, 0.8330169706008632]
['Optuna', 'Timestamps', 0.14904716400087636, 1.143912134000857, 5.018215534000774, 5.414381360000334, 8.113584948000607, 8.836950332000015, 9.100975973999994, 9.519267539000793, 10.253964422000536, 10.54324400600035, 13.24450577800053, 16.018314354000722, 16.167524241000137, 19.197143045000303, 19.44475218200023]
['Optuna', 'Best So Far', 0.8179086256280227, 0.8179086256280227, 0.8288663887234465, 0.8288663887234465, 0.8330169706008632, 0.8330169706008632, 0.8330169706008632, 0.8330169706008632, 0.8330169706008632, 0.8330169706008632, 0.8330169706008632, 0.8330169706008632, 0.8330169706008632, 0.8330169706008632, 0.8330169706008632]
['Optuna', 'Timestamps', 0.15491162600028474, 1.108021705000283, 4.969052904000819, 5.362856581000415, 8.076982655000393, 8.88680925800054, 9.159769267000229, 9.581065302000752, 10.33479311300016, 10.61763276200054, 13.406585334000738, 16.190883490000488, 16.33912224800042, 19.18812692100073, 19.43668069600062]
['Optuna', 'Best So Far', 0.8179086256280227, 0.8179086256280227, 0.8288663887234465, 0.8288663887234465, 0.8330169706008632, 0.8330169706008632, 0.8330169706008632, 0.8330169706008632, 0.8330169706008632, 0.8330169706008632, 0.8330169706008632, 0.8330169706008632, 0.8330169706008632, 0.8330169706008632, 0.8330169706008632]
['Optuna', 'Timestamps', 0.15189839199956623, 1.2433296480003264, 5.040086598999551, 5.447132455000428, 8.204524019000019, 8.932734054999855, 9.207442666999668, 9.626232796000295, 10.405484222000268, 10.709807086000183, 13.464629396999953, 16.238640980999662, 16.38791747399955, 19.202142479999566, 19.447925897999994]
['Optuna', 'Best So Far', 0.8179086256280227, 0.8179086256280227, 0.8288663887234465, 0.8288663887234465, 0.8330169706008632, 0.8330169706008632, 0.8330169706008632, 0.8330169706008632, 0.8330169706008632, 0.8330169706008632, 0.8330169706008632, 0.8330169706008632, 0.8330169706008632, 0.8330169706008632, 0.8330169706008632]
['Optuna', 'Timestamps', 0.1475061099999948, 1.1062458439992042, 4.927300173999356, 5.319380140999783, 8.029647597999428, 8.786684366999907, 9.070225481999842, 9.485326989999521, 10.121052705999318, 10.417353510999419, 13.124948955000036, 15.836039367000012, 15.985813628999495, 18.77321847099938, 19.051859188999515]
