['Optuna', 'Best So Far', 0.806825758905071, 0.806825758905071, 0.8288663887234465, 0.8288663887234465, 0.8288663887234465, 0.8288663887234465, 0.8288663887234465, 0.8288663887234465, 0.8288663887234465, 0.8288663887234465, 0.8288663887234465, 0.8288663887234465, 0.8288663887234465, 0.8288663887234465, 0.8288663887234465]
['Optuna', 'Timestamps', 0.17887352900015685, 1.173192234000453, 4.973156841000673, 5.390760485000101, 8.228102704000776, 8.766206907000196, 9.036648887999945, 9.474111416000596, 10.277833418000228, 10.618895273000817, 13.985252044000845, 17.403326071000265, 18.22694922000028, 19.200428553000165, 20.241699079000682]
['Optuna', 'Best So Far', 0.806825758905071, 0.806825758905071, 0.8258166314865515, 0.8258166314865515, 0.8258166314865515, 0.8258166314865515, 0.8258166314865515, 0.8258166314865515, 0.8258166314865515, 0.8258166314865515, 0.8258166314865515, 0.8258166314865515, 0.8258166314865515, 0.8258166314865515, 0.8258166314865515]
['Optuna', 'Timestamps', 0.17533927600015886, 1.289112767000006, 4.9820751389997895, 5.400408343999516, 8.203868384000089, 8.742039414999454, 9.03334145899953, 9.481508789000145, 10.224454901999707, 10.58585347099961, 13.915563730999565, 17.014941980999538, 17.783020430999386, 18.08560645199941, 18.839241593000224]
['Optuna', 'Best So Far', 0.806825758905071, 0.806825758905071, 0.8288663887234465, 0.8288663887234465, 0.8288663887234465, 0.8288663887234465, 0.8288663887234465, 0.8288663887234465, 0.8288663887234465, 0.8288663887234465, 0.8288663887234465, 0.8288663887234465, 0.8288663887234465, 0.8288663887234465, 0.8288663887234465]
['Optuna', 'Timestamps', 0.176753546999862, 1.1849545169998237, 4.972730221000347, 5.3826318030005496, 8.19023454499984, 8.74001647499972, 9.02439174600022, 9.459571528000197, 10.222356473000218, 10.59161242600021, 14.436895577000541, 17.57306220999999, 18.26969418600038, 18.556274427000062, 19.38993321700036]
['Optuna', 'Best So Far', 0.806825758905071, 0.806825758905071, 0.8258166314865515, 0.8258166314865515, 0.8258166314865515, 0.8258166314865515, 0.8258166314865515, 0.8258166314865515, 0.8258166314865515, 0.8258166314865515, 0.8258166314865515, 0.8258166314865515, 0.8258166314865515, 0.8279573263116099, 0.8279573263116099]
['Optuna', 'Timestamps', 0.17415475199959474, 1.186034491999635, 5.005526725999516, 5.416671555999528, 8.17990164099956, 8.725532507000025, 9.00964929499969, 9.46983650799939, 10.239441065999927, 10.582229530999939, 13.985605501999999, 17.32888075200026, 18.13615316599953, 19.129456321999896, 20.10785955600022]
['Optuna', 'Best So Far', 0.806825758905071, 0.806825758905071, 0.8258166314865515, 0.8258166314865515, 0.8258166314865515, 0.8258166314865515, 0.8258166314865515, 0.8258166314865515, 0.8258166314865515, 0.8258166314865515, 0.8258166314865515, 0.8258166314865515, 0.8258166314865515, 0.8288663887234465, 0.8288663887234465]
['Optuna', 'Timestamps', 0.18427603600048315, 1.168439316000331, 5.036706507999952, 5.45772235000004, 8.498490562999905, 9.086062477999803, 9.407221696000306, 9.852060881000398, 10.6341059639999, 11.003583139000511, 15.534070310000061, 20.11740186499992, 21.059801170000355, 25.22922535700036, 26.296015934000025]
['Optuna', 'Best So Far', 0.806825758905071, 0.806825758905071, 0.8288663887234465, 0.8288663887234465, 0.8288663887234465, 0.8288663887234465, 0.8288663887234465, 0.8288663887234465, 0.8288663887234465, 0.8288663887234465, 0.8288663887234465, 0.8288663887234465, 0.8288663887234465, 0.8288663887234465, 0.8288663887234465]
['Optuna', 'Timestamps', 0.1758455570006845, 1.1408191939999597, 5.370757720000256, 5.778479014999903, 9.130681164000634, 9.726870146000692, 10.028037525999935, 10.524489044000802, 11.29230604500026, 11.645831663000536, 15.39212903400039, 19.260775348000607, 20.006896389000758, 20.368147632000728, 21.421382217999962]
['Optuna', 'Best So Far', 0.806825758905071, 0.806825758905071, 0.8288663887234465, 0.8288663887234465, 0.8288663887234465, 0.8288663887234465, 0.8288663887234465, 0.8288663887234465, 0.8288663887234465, 0.8288663887234465, 0.8288663887234465, 0.8288663887234465, 0.8288663887234465, 0.8288663887234465, 0.8288663887234465]
['Optuna', 'Timestamps', 0.17749561300024652, 1.1739021190005587, 5.15080065300026, 5.5611418780008535, 8.40798209500008, 9.012277636000363, 9.319003083000098, 9.79679937200035, 10.528228326000317, 10.884274240000195, 14.321694233000017, 17.7796164020001, 19.216172811000433, 20.55595915200047, 21.36944951300029]
['Optuna', 'Best So Far', 0.806825758905071, 0.806825758905071, 0.8288663887234465, 0.8288663887234465, 0.8288663887234465, 0.8288663887234465, 0.8288663887234465, 0.8288663887234465, 0.8288663887234465, 0.8288663887234465, 0.8288663887234465, 0.8288663887234465, 0.8288663887234465, 0.8288663887234465, 0.8288663887234465]
['Optuna', 'Timestamps', 0.17984920399976545, 1.219201552999948, 5.524524925000151, 5.94184475199927, 9.047411847999683, 9.676324758999726, 9.99792775700007, 10.522556314999747, 11.335554934999891, 11.709063508999861, 15.605290815999979, 19.047231257999556, 19.748115331999543, 20.05504579099943, 20.99644509099926]
['Optuna', 'Best So Far', 0.806825758905071, 0.806825758905071, 0.8288663887234465, 0.8288663887234465, 0.8288663887234465, 0.8288663887234465, 0.8288663887234465, 0.8288663887234465, 0.8288663887234465, 0.8288663887234465, 0.8288663887234465, 0.8288663887234465, 0.8288663887234465, 0.8288663887234465, 0.8288663887234465]
['Optuna', 'Timestamps', 0.1878838029997496, 1.1982201069995426, 5.479088965000301, 5.931285499000296, 8.773485390000133, 9.38625145199967, 9.73160038199967, 10.601174978999552, 11.502741764000348, 11.940737039999476, 15.669366107000315, 19.198402791999797, 20.030495426000016, 21.058687845999884, 22.078117555000063]
['Optuna', 'Best So Far', 0.806825758905071, 0.806825758905071, 0.8288663887234465, 0.8288663887234465, 0.8288663887234465, 0.8288663887234465, 0.8288663887234465, 0.8288663887234465, 0.8288663887234465, 0.8288663887234465, 0.8288663887234465, 0.8288663887234465, 0.8288663887234465, 0.8288663887234465, 0.8288663887234465]
['Optuna', 'Timestamps', 0.1967495169992617, 1.1834292059993459, 5.269753876999857, 5.758231565999267, 8.954923850999876, 9.584015479999834, 9.895175556999675, 10.381258282999624, 11.2825049209996, 11.688522348999868, 15.578286712999216, 19.59838919699996, 20.5810193669995, 21.699530846000016, 22.872918700999435]
['Optuna', 'Best So Far', 0.806825758905071, 0.806825758905071, 0.8288663887234465, 0.8288663887234465, 0.8288663887234465, 0.8288663887234465, 0.8288663887234465, 0.8288663887234465, 0.8288663887234465, 0.8288663887234465, 0.8288663887234465, 0.8288663887234465, 0.8288663887234465, 0.8288663887234465, 0.8288663887234465]
['Optuna', 'Timestamps', 0.1980135470003006, 1.2216468880005777, 5.550417072000528, 6.003657139000097, 9.175963806000254, 9.852500011999837, 10.16715949599984, 10.634383253000124, 11.469954832999974, 11.8186628630001, 15.617150189000313, 19.11570082400067, 20.003342142000292, 21.038111440000648, 22.047672990000137]
['Optuna', 'Best So Far', 0.806825758905071, 0.806825758905071, 0.8288663887234465, 0.8288663887234465, 0.8288663887234465, 0.8288663887234465, 0.8288663887234465, 0.8288663887234465, 0.8288663887234465, 0.8288663887234465, 0.8288663887234465, 0.8288663887234465, 0.8288663887234465, 0.8288663887234465, 0.8288663887234465]
['Optuna', 'Timestamps', 0.1813555209992046, 1.1809796749994348, 4.901580416999423, 5.303971871999238, 9.151012868999715, 9.890069059999405, 10.192866742999286, 10.721662853999987, 11.779739033999249, 12.154381175999333, 17.473040599999877, 20.84085230999972, 21.838282041999264, 25.82144791599967, 26.828002248999837]
['Optuna', 'Best So Far', 0.806825758905071, 0.806825758905071, 0.8288663887234465, 0.8288663887234465, 0.8288663887234465, 0.8288663887234465, 0.8288663887234465, 0.8288663887234465, 0.8288663887234465, 0.8288663887234465, 0.8288663887234465, 0.8288663887234465, 0.8288663887234465, 0.8288663887234465, 0.8288663887234465]
['Optuna', 'Timestamps', 0.2892901590003021, 1.9090045760003704, 6.048745515000519, 6.450493057000131, 9.32197541700043, 9.860956673000146, 10.160802076000437, 10.613725330000307, 11.337618829000348, 11.684060291000606, 15.009163923000415, 18.367251321000367, 19.00387749299989, 19.3042879300001, 20.217865173000064]
['Optuna', 'Best So Far', 0.806825758905071, 0.806825758905071, 0.8288663887234465, 0.8288663887234465, 0.8288663887234465, 0.8288663887234465, 0.8288663887234465, 0.8288663887234465, 0.8288663887234465, 0.8288663887234465, 0.8288663887234465, 0.8288663887234465, 0.8288663887234465, 0.8288663887234465, 0.8288663887234465]
['Optuna', 'Timestamps', 0.18684908100021858, 1.1005095370001072, 4.938788780000323, 5.350573820000136, 8.332738335000613, 8.92211540000062, 9.279723898000157, 9.817491266000616, 10.65569711399985, 11.018929466999907, 14.941717270000481, 18.682357861000128, 19.56776683499993, 20.72702408100031, 21.813512542999888]
['Optuna', 'Best So Far', 0.806825758905071, 0.806825758905071, 0.8288663887234465, 0.8288663887234465, 0.8288663887234465, 0.8288663887234465, 0.8288663887234465, 0.8288663887234465, 0.8288663887234465, 0.8288663887234465, 0.8288663887234465, 0.8288663887234465, 0.8288663887234465, 0.8288663887234465, 0.8288663887234465]
['Optuna', 'Timestamps', 0.1778346840001177, 1.3332249550003326, 5.061852578000071, 5.459282920000078, 8.337819923000097, 8.96087837200048, 9.281502114000432, 9.79171101800057, 10.736647033000736, 11.084362882000278, 14.543921567000325, 18.254084122000677, 19.166338474999975, 20.17252943600033, 21.167802087999917]
['Optuna', 'Best So Far', 0.806825758905071, 0.806825758905071, 0.8288663887234465, 0.8288663887234465, 0.8288663887234465, 0.8288663887234465, 0.8288663887234465, 0.8288663887234465, 0.8288663887234465, 0.8288663887234465, 0.8288663887234465, 0.8288663887234465, 0.8288663887234465, 0.8288663887234465, 0.8288663887234465]
['Optuna', 'Timestamps', 0.17009255799985112, 1.169169423999847, 4.700669966000532, 5.100581206000243, 7.838282028999856, 8.407191758000408, 8.695080778999909, 9.114675878000526, 9.856234374999985, 10.2166522790003, 13.521652716000062, 16.469622155000252, 17.232345090000308, 17.51257790300042, 18.287409233999824]
['Optuna', 'Best So Far', 0.806825758905071, 0.806825758905071, 0.8258166314865515, 0.8258166314865515, 0.8258166314865515, 0.8258166314865515, 0.8258166314865515, 0.8258166314865515, 0.8258166314865515, 0.8258166314865515, 0.8258166314865515, 0.8258166314865515, 0.8258166314865515, 0.8279573263116099, 0.8279573263116099]
['Optuna', 'Timestamps', 0.1775140449999526, 1.1682095070000287, 4.9508968740001364, 5.3886725709999155, 8.40057433199945, 9.00853000799998, 9.334798922999653, 9.875395091999962, 10.641044650999902, 10.996092513999429, 14.608999952999511, 18.35975614600011, 19.21389334899959, 20.223338193000018, 21.423094666999532]
['Optuna', 'Best So Far', 0.806825758905071, 0.806825758905071, 0.8258166314865515, 0.8258166314865515, 0.8258166314865515, 0.8258166314865515, 0.8258166314865515, 0.8258166314865515, 0.8258166314865515, 0.8258166314865515, 0.8258166314865515, 0.8258166314865515, 0.8258166314865515, 0.8288663887234465, 0.8288663887234465]
['Optuna', 'Timestamps', 0.24283985500005656, 1.2855228680000437, 5.260867912000322, 5.7014440680004554, 8.616741116999947, 9.229546854000546, 9.574220025000614, 10.174846973000058, 10.973895355999957, 11.357282730000406, 15.511124897000627, 19.174373333000403, 20.04402459100038, 23.867331574000673, 24.826083607999863]
['Optuna', 'Best So Far', 0.806825758905071, 0.806825758905071, 0.8288663887234465, 0.8288663887234465, 0.8288663887234465, 0.8288663887234465, 0.8288663887234465, 0.8288663887234465, 0.8288663887234465, 0.8288663887234465, 0.8288663887234465, 0.8288663887234465, 0.8288663887234465, 0.8288663887234465, 0.8288663887234465]
['Optuna', 'Timestamps', 0.17836093200003234, 1.1225681139994776, 4.738817496999218, 5.173763401999167, 8.036041807999936, 8.587844503999804, 8.872744068999964, 9.300962020999577, 10.136806937999609, 10.514344395999615, 14.20836640899961, 17.82461950599918, 18.454606964999584, 18.736893141999644, 19.671726589999707]
['Optuna', 'Best So Far', 0.806825758905071, 0.806825758905071, 0.8288663887234465, 0.8288663887234465, 0.8288663887234465, 0.8288663887234465, 0.8288663887234465, 0.8288663887234465, 0.8288663887234465, 0.8288663887234465, 0.8288663887234465, 0.8288663887234465, 0.8288663887234465, 0.8288663887234465, 0.8288663887234465]
['Optuna', 'Timestamps', 0.19022599999971135, 1.2895621899997423, 5.394465408999167, 5.8135854129996005, 8.897650554999927, 9.527451153999209, 9.847030861999883, 10.361238704999778, 11.27411113999915, 11.645170399999188, 15.418480187999194, 19.0991078499992, 19.77268745099991, 20.06656175399985, 20.925133712999923]
