['Optuna', 'Best So Far', 0.8086368545446008, 0.8086368545446008, 0.8288663887234465, 0.8288663887234465, 0.8288663887234465, 0.8288663887234465, 0.8288663887234465, 0.8288663887234465, 0.8288663887234465, 0.8288663887234465, 0.8288663887234465, 0.8288663887234465, 0.8288663887234465, 0.8288663887234465, 0.8288663887234465]
['Optuna', 'Timestamps', 0.16011613400041824, 1.4925352170002952, 5.97798943700036, 6.373200478000399, 9.112026643000718, 9.967368502000681, 10.30831583500003, 10.882968031000019, 11.65257275500062, 11.942992085000697, 15.607515792000413, 19.658496638000543, 21.29675396500079, 24.304038920000494, 24.580327227999987]
['Optuna', 'Best So Far', 0.8086368545446008, 0.8086368545446008, 0.8288663887234465, 0.8288663887234465, 0.8288663887234465, 0.8288663887234465, 0.8288663887234465, 0.8288663887234465, 0.8288663887234465, 0.8288663887234465, 0.8288663887234465, 0.8288663887234465, 0.8288663887234465, 0.8288663887234465, 0.8288663887234465]
['Optuna', 'Timestamps', 0.15497808300006, 1.1502065519998723, 5.849055867000061, 6.260051508000288, 8.982236881999597, 9.747142614999575, 10.153127343999586, 10.862845024000308, 11.922087422999539, 12.335163632999866, 16.219504982000217, 19.635718405999796, 20.755351359000088, 23.61116196399962, 23.88976673399975]
['Optuna', 'Best So Far', 0.8086368545446008, 0.8086368545446008, 0.8288663887234465, 0.8288663887234465, 0.8288663887234465, 0.8288663887234465, 0.8288663887234465, 0.8288663887234465, 0.8288663887234465, 0.8288663887234465, 0.8288663887234465, 0.8288663887234465, 0.8288663887234465, 0.8288663887234465, 0.8288663887234465]
['Optuna', 'Timestamps', 0.3682291320001241, 2.4904904160002843, 6.87901962000069, 7.277200950000406, 10.095495059000314, 11.013553935000346, 11.392807797000387, 11.911832522000623, 12.67449999100063, 12.996050020999974, 16.84449600300013, 20.98849995100045, 22.66014727000038, 25.752429300000585, 26.12618221000048]
['Optuna', 'Best So Far', 0.8086368545446008, 0.8086368545446008, 0.8288663887234465, 0.8288663887234465, 0.8288663887234465, 0.8288663887234465, 0.8288663887234465, 0.8288663887234465, 0.8288663887234465, 0.8288663887234465, 0.8288663887234465, 0.8288663887234465, 0.8288663887234465, 0.8288663887234465, 0.8288663887234465]
['Optuna', 'Timestamps', 0.15599801400003344, 1.1550563119999424, 5.561600615000316, 6.013130977999936, 8.967859914000655, 9.848937716000364, 10.18304444900059, 10.705299470000682, 11.44078446399999, 11.740396813000189, 15.35626843800037, 18.73200725800052, 20.210884955999973, 23.849049502000526, 24.190977528000076]
['Optuna', 'Best So Far', 0.8086368545446008, 0.8086368545446008, 0.8288663887234465, 0.8288663887234465, 0.8288663887234465, 0.8288663887234465, 0.8288663887234465, 0.8288663887234465, 0.8288663887234465, 0.8288663887234465, 0.8288663887234465, 0.8288663887234465, 0.8288663887234465, 0.8288663887234465, 0.8288663887234465]
['Optuna', 'Timestamps', 0.15850853099982487, 1.230206766000265, 5.09964630200011, 5.510435581999445, 8.238720014000137, 9.076872896000168, 9.377920068999629, 9.835061588999451, 10.625601156999437, 10.915991144000145, 14.296336976999555, 17.543376116999752, 18.582374642000104, 21.484226138999475, 21.76922019599988]
['Optuna', 'Best So Far', 0.8086368545446008, 0.8086368545446008, 0.8086368545446008, 0.8086368545446008, 0.8250095396287401, 0.8250095396287401, 0.8250095396287401, 0.8250095396287401, 0.8250095396287401, 0.8250095396287401, 0.8250095396287401, 0.8250095396287401, 0.8250095396287401, 0.8250095396287401, 0.8250095396287401]
['Optuna', 'Timestamps', 0.16688127900033578, 1.2240135490001194, 7.567622743999891, 7.986465545999636, 10.828284127999723, 11.72115727399978, 12.033768280999539, 12.52844804399956, 13.237216141999852, 13.537842251999791, 16.37842481200005, 19.145783560000382, 19.291630044999692, 22.298207855999863, 22.626153105999947]
['Optuna', 'Best So Far', 0.8086368545446008, 0.8086368545446008, 0.8288663887234465, 0.8288663887234465, 0.8288663887234465, 0.8288663887234465, 0.8288663887234465, 0.8288663887234465, 0.8288663887234465, 0.8288663887234465, 0.8288663887234465, 0.8288663887234465, 0.8288663887234465, 0.8288663887234465, 0.8288663887234465]
['Optuna', 'Timestamps', 0.18139918599990779, 1.2288430159997006, 6.336746999999377, 6.815690710999661, 9.92952459999924, 10.846738352999637, 11.175614122999832, 11.662683368999751, 12.410623829999167, 12.716894915999546, 16.70093745199938, 20.234489639999993, 21.458756947999973, 24.43337708999934, 24.802924577999875]
['Optuna', 'Best So Far', 0.8086368545446008, 0.8086368545446008, 0.8288663887234465, 0.8288663887234465, 0.8288663887234465, 0.8288663887234465, 0.8288663887234465, 0.8288663887234465, 0.8288663887234465, 0.8288663887234465, 0.8288663887234465, 0.8288663887234465, 0.8288663887234465, 0.8288663887234465, 0.8288663887234465]
['Optuna', 'Timestamps', 0.1552998530005425, 1.1158314419999442, 5.0693180529997335, 5.46423817699997, 8.220111831000395, 9.032681931999832, 9.30604864399993, 9.74808018099975, 10.492356616000507, 10.782617028999994, 14.119869944999664, 17.45466375900014, 18.547139952999714, 21.419497247000436, 21.7685056119999]
['Optuna', 'Best So Far', 0.8086368545446008, 0.8086368545446008, 0.8288663887234465, 0.8288663887234465, 0.8288663887234465, 0.8288663887234465, 0.8288663887234465, 0.8288663887234465, 0.8288663887234465, 0.8288663887234465, 0.8288663887234465, 0.8288663887234465, 0.8288663887234465, 0.8288663887234465, 0.8288663887234465]
['Optuna', 'Timestamps', 0.1518377540005531, 1.1536326100003862, 5.096332469000117, 5.506541335000293, 8.260832984000444, 9.023973487000148, 9.32765716800077, 9.75021368600028, 10.398773030000484, 10.713279702000364, 14.026697242999944, 17.22477818200059, 18.248665415000687, 21.10507184100061, 21.426991715999975]
['Optuna', 'Best So Far', 0.8086368545446008, 0.8086368545446008, 0.8288663887234465, 0.8288663887234465, 0.8288663887234465, 0.8288663887234465, 0.8288663887234465, 0.8288663887234465, 0.8288663887234465, 0.8288663887234465, 0.8288663887234465, 0.8288663887234465, 0.8288663887234465, 0.8288663887234465, 0.8288663887234465]
['Optuna', 'Timestamps', 0.14667550699959975, 1.1148622279997653, 4.975668893999682, 5.387948395999956, 8.297311864999756, 9.151434923000124, 9.43357646899949, 9.909211969000353, 10.763246491000245, 11.076631588000055, 14.498862325000118, 18.18178171299951, 19.37116554000022, 22.314361118000306, 22.605845422999664]
['Optuna', 'Best So Far', 0.8086368545446008, 0.8086368545446008, 0.8288663887234465, 0.8288663887234465, 0.8288663887234465, 0.8288663887234465, 0.8288663887234465, 0.8288663887234465, 0.8288663887234465, 0.8288663887234465, 0.8288663887234465, 0.8288663887234465, 0.8288663887234465, 0.8288663887234465, 0.8288663887234465]
['Optuna', 'Timestamps', 0.15940751699963585, 1.1098006739994162, 5.8550634479997825, 6.2635929879998, 9.050129176000155, 9.812403797000115, 10.110604452999723, 10.586162785999477, 11.323029809000218, 11.607481301999542, 15.454215122999813, 19.20120621499973, 20.281811447999644, 23.166750126999432, 23.51400080499934]
['Optuna', 'Best So Far', 0.8086368545446008, 0.8086368545446008, 0.8258166314865515, 0.8258166314865515, 0.8258166314865515, 0.8258166314865515, 0.8258166314865515, 0.8258166314865515, 0.8258166314865515, 0.8258166314865515, 0.8258166314865515, 0.8258166314865515, 0.8258166314865515, 0.8264412674660789, 0.8264412674660789]
['Optuna', 'Timestamps', 0.15213254999980563, 1.175204408999889, 5.557450325999525, 6.032200132000071, 8.895200555999509, 9.978277821999654, 10.342438888999823, 10.86379136999949, 11.549231953999879, 11.858727129999352, 16.571404428999813, 21.010933505999674, 22.761895032999746, 26.375425060999987, 26.739191970999855]
['Optuna', 'Best So Far', 0.8086368545446008, 0.8086368545446008, 0.8288663887234465, 0.8288663887234465, 0.8288663887234465, 0.8288663887234465, 0.8288663887234465, 0.8288663887234465, 0.8288663887234465, 0.8288663887234465, 0.8288663887234465, 0.8288663887234465, 0.8288663887234465, 0.8288663887234465, 0.8288663887234465]
['Optuna', 'Timestamps', 0.16432357499979844, 1.250953051999204, 5.291477687999759, 5.696026679999704, 8.579599629999393, 9.524079170999357, 9.82583039399924, 10.290249890999803, 10.987481951999143, 11.369376010999986, 15.502265658999931, 19.052275161999205, 20.323794420000013, 23.343091993999224, 23.72388938899985]
['Optuna', 'Best So Far', 0.8086368545446008, 0.8086368545446008, 0.8086368545446008, 0.8086368545446008, 0.8250095396287401, 0.8250095396287401, 0.8250095396287401, 0.8250095396287401, 0.8250095396287401, 0.8250095396287401, 0.8250095396287401, 0.8250095396287401, 0.8250095396287401, 0.8250095396287401, 0.8250095396287401]
['Optuna', 'Timestamps', 0.15490047100047377, 1.10575048300052, 5.194549951000226, 5.60058491000018, 8.405191582000043, 9.254591967999659, 9.535238024000137, 10.000036606000322, 10.80512482999984, 11.09785698900032, 13.88040827399982, 16.662470178999683, 16.813656000000265, 19.691624070000216, 19.94371123200017]
['Optuna', 'Best So Far', 0.8086368545446008, 0.8086368545446008, 0.8288663887234465, 0.8288663887234465, 0.8288663887234465, 0.8288663887234465, 0.8288663887234465, 0.8288663887234465, 0.8288663887234465, 0.8288663887234465, 0.8288663887234465, 0.8288663887234465, 0.8288663887234465, 0.8288663887234465, 0.8288663887234465]
['Optuna', 'Timestamps', 0.156218682999679, 1.0800254209998457, 5.562409185999968, 5.986753743000008, 8.847994142999596, 9.902988490999633, 10.228014051000173, 10.760763661000055, 11.652934627999457, 11.95866353800011, 15.382494601999497, 18.848590278999836, 20.042909996000162, 22.866628110999955, 23.14098327099964]
['Optuna', 'Best So Far', 0.8086368545446008, 0.8086368545446008, 0.8288663887234465, 0.8288663887234465, 0.8288663887234465, 0.8288663887234465, 0.8288663887234465, 0.8288663887234465, 0.8288663887234465, 0.8288663887234465, 0.8288663887234465, 0.8288663887234465, 0.8288663887234465, 0.8288663887234465, 0.8288663887234465]
['Optuna', 'Timestamps', 0.161014330999933, 1.1706302360007612, 5.13377989700075, 5.544793729000048, 8.391877041000043, 9.192782314000397, 9.473040798000511, 9.897342924999975, 10.643742946000202, 10.94000384300034, 14.300708460999886, 17.58664393500021, 18.69957848300055, 22.190249214000687, 22.582176934000017]
['Optuna', 'Best So Far', 0.8086368545446008, 0.8086368545446008, 0.8288663887234465, 0.8288663887234465, 0.8288663887234465, 0.8288663887234465, 0.8288663887234465, 0.8288663887234465, 0.8288663887234465, 0.8288663887234465, 0.8288663887234465, 0.8288663887234465, 0.8288663887234465, 0.8288663887234465, 0.8288663887234465]
['Optuna', 'Timestamps', 0.15369926299990766, 1.1197607240001162, 5.148644326000067, 5.55331435700009, 8.297578101, 9.109515411999382, 9.384114610999859, 9.806243626999276, 10.641726412000025, 10.948157049999281, 14.601852974999929, 18.201285510999696, 19.407447949000016, 22.1876466549993, 22.469231486999888]
['Optuna', 'Best So Far', 0.8086368545446008, 0.8086368545446008, 0.8288663887234465, 0.8288663887234465, 0.8288663887234465, 0.8288663887234465, 0.8288663887234465, 0.8288663887234465, 0.8288663887234465, 0.8288663887234465, 0.8288663887234465, 0.8288663887234465, 0.8288663887234465, 0.8288663887234465, 0.8288663887234465]
['Optuna', 'Timestamps', 0.1591329559996666, 1.1508144520003043, 4.927123362999737, 5.343528520000291, 8.223464577999948, 9.07917998999983, 9.442624940999849, 10.064308467000046, 10.997080140000435, 11.31661346600049, 15.458312232000026, 19.238149095999688, 20.34336241500023, 23.177753185000256, 23.458090310000443]
['Optuna', 'Best So Far', 0.8086368545446008, 0.8086368545446008, 0.8288663887234465, 0.8288663887234465, 0.8288663887234465, 0.8288663887234465, 0.8288663887234465, 0.8288663887234465, 0.8288663887234465, 0.8288663887234465, 0.8288663887234465, 0.8288663887234465, 0.8288663887234465, 0.8288663887234465, 0.8288663887234465]
['Optuna', 'Timestamps', 0.15659701000004134, 1.0784962269999596, 5.208552584999779, 5.625936188000196, 8.371684591999838, 9.226900564000061, 9.538763586000641, 10.008012332000362, 10.67349082400051, 10.956721141999878, 14.36771466600021, 17.959019990999877, 19.180327820000457, 22.031547581999803, 22.347546042999966]
['Optuna', 'Best So Far', 0.8086368545446008, 0.8086368545446008, 0.8288663887234465, 0.8288663887234465, 0.8288663887234465, 0.8288663887234465, 0.8288663887234465, 0.8288663887234465, 0.8288663887234465, 0.8288663887234465, 0.8288663887234465, 0.8288663887234465, 0.8288663887234465, 0.8288663887234465, 0.8288663887234465]
['Optuna', 'Timestamps', 0.15576182599943422, 1.1678985399994417, 5.723819251999885, 6.1387651329996515, 8.996055506999255, 9.92014166899935, 10.233648881999216, 10.72502948499914, 11.504215996999847, 11.810672458999761, 15.573298324999996, 19.662457320999238, 21.24706913099999, 24.87884560599923, 25.328426565999507]
